[[ 177.65323133  219.76201088  161.71005866  387.62531453  270.53636395
   134.54893953   39.56444315  317.75662076  292.90569542  321.28214549]
 [ 121.88183974   94.21564156  223.17031393  134.08419916  243.45738682
   172.28713387  243.4595433   130.30286348  142.1879855    40.39257187]
 [  39.51092074   82.58516297  145.00653501  198.23091823  197.84698628
   107.59527616  157.7595171   177.08178399  137.76972351  130.37028246]
 [ 175.56284929   94.24548076  253.1953518   322.22782193  337.22244684
    63.64137049  149.13858216  152.54426257  288.10095414  217.3825169 ]
 [ 240.28049702  275.97781203  292.41791515   53.95533955  234.80289322
   340.98682753  386.14241094  294.66955384  133.34614364  167.55634535]
 [ 141.25448822  260.72301714   48.89907192  281.45069005   69.98104975
   237.66639209  199.49764588  357.25943566  155.15210663  281.64439782]
 [ 229.71318135  260.07379884  287.40187894   36.08373038  236.20074284
   327.11445261  375.28810061  276.88199619  129.17849239  149.98531972]
 [ 145.22689451   27.26379875  243.94195065  249.28076936  306.77184043
    92.92494965  187.64121425   91.02216721  234.90175631  140.70122117]
 [ 198.4165114   199.39055146  214.94002915  399.32690301  321.63205361
   108.89334513   63.20121883  285.31048571  322.27075777  316.11269684]
 [ 106.51214692  170.23117904  105.58726711  316.75408417  211.13557129
   103.51240062   47.85857731  273.65155421  221.58498497  257.11022925]
 [ 187.63286665  208.31504408  258.49742032   22.67299251  226.53861314
   277.67958635  331.34681437  227.91564524  109.63286529   99.85845631]
 [  57.11431156  115.3455343   116.14014877  262.78577836  202.87160115
    76.20285426   91.2401382   219.44276799  181.58292519  196.90975935]
 [ 178.12653514  200.26875518  182.15367835  384.83245005  289.99704631
   111.01919117   33.21645878  293.91685482  299.28435753  309.70504747]
 [ 114.88189049  176.5972813   175.80047939  103.54861585  154.41452628
   223.77138216  260.71668055  233.6141125    40.22693071  118.98531367]
 [ 159.45020006   82.35014761  238.18924649  309.30369962  321.23699303
    49.9671088   140.20936589  150.91688819  272.40140191  206.47040568]
 [ 169.66918783  107.12326155  272.94893163  146.36542425  293.2545197
   196.2999373   278.31683794   95.28639994  187.36499817   33.06138224]
 [ 116.92567148  178.47293958  177.16002502  102.10090929  154.50288621
   225.87572933  262.7476409   234.91127969   39.57044059  119.64771262]
 [ 206.5189262   171.47738335  300.74890854   95.47175721  296.70649031
   257.67869338  332.64749419  152.72597631  180.40707033   49.55169522]
 [ 189.28524753  295.66960081  160.79382845  207.74915648   58.27191019
   310.53682693  304.6689414   369.64348682   99.90008929  259.05535985]
 [ 172.48935892   68.6864495   277.95085744  207.69492872  320.03669433
   157.11897829  248.7693628    45.95382351  227.38872737   93.19754145]
 [ 153.86786053  111.10695885  215.81203288  328.72810211  308.17571738
    32.0216158   100.12331307  192.21878807  275.31535697  233.61676611]
 [ 153.71700583  124.02767178  207.64750206  336.59091937  303.36375509
    37.09506921   84.44877381  208.43805664  277.11667094  244.74685518]
 [ 155.93038972  133.43622999  204.28818215  343.0706453   302.09995511
    44.51122181   75.45625888  219.0963307   280.11881629  253.08509893]
 [ 221.00974011  232.32546697  292.52871804   14.61780946  256.37367421
   306.4198617   363.75710617  238.59370192  141.24368154  114.62572142]
 [ 131.48936778  206.90580846  172.18560481  112.73147601  131.29884041
   247.45649387  274.88353264  266.30194925   14.13843929  150.00569191]
 [  52.49551196  168.30852238   82.97666833  198.46013548  112.23754561
   173.13589399  179.78837474  258.31668461   88.16203172  179.8999151 ]
 [ 115.50404189   69.16433712  194.35189321  281.6601526   276.47981138
    21.52074677  115.1349168   163.51895833  232.31713951  188.13233435]
 [ 155.05902525  273.78052953   56.0794876   298.26675403   80.30034064
   246.2857063   201.80511073  371.5270291   171.82042375  298.10516139]
 [ 218.83645284   99.04636389  317.68395749  289.33947594  378.98319468
   151.4324844   246.7183745    60.92363424  299.13462025  174.83524972]
 [ 130.83358713   41.03890332  236.3685695   193.75072104  280.18345066
   130.7979103   216.64213975   86.67110574  193.04968949   84.95723717]
 [ 220.17104122  219.77507567  298.34319451   33.6625344   269.89456322
   297.69665334  360.03030332  218.82069141  152.82712713   98.28565566]
 [  32.02523866  111.52632593  110.37726385  238.44385628  186.16942437
    93.5662369   115.76205204  213.92058565  156.80302539  177.89697722]
 [ 182.61418259  218.78363417  244.05558148   37.90366371  203.89473247
   281.66875649  328.17659805  248.01950164   89.30313389  119.90232996]
 [ 166.56771166  171.15231184  249.83000693   57.17369329  235.18010399
   244.97008672  305.64963339  189.11507888  117.92528596   60.84348217]
 [ 216.44470236  197.69567857  303.67906445   66.37465291  287.5184739
   280.60949791  350.0514618   186.01542745  169.62867916   73.40963271]
 [ 137.50025651   59.54138054  243.18969947  177.74025985  279.86454476
   148.67475946  232.66541648   86.58783936  186.70712697   66.98103486]
 [ 175.91994241  283.38588563  148.1551533   204.85677452   49.24009083
   297.00278458  291.15493337  359.00960502   91.52770865  250.55794552]
 [  50.55761334  166.10241702   84.43136218  197.55943616  114.39991292
   171.45374582  179.13292493  256.07857951   88.32512305  177.98538319]
 [ 118.88521822  215.17086429   56.58652834  318.03590939  165.03270314
   162.15295391  101.83376978  319.10241668  205.86301194  279.87948697]
 [ 216.70717891   97.11795584  315.07467213  290.37114379  377.26236
   147.77246689  242.95578053   63.99400854  298.41960044  175.90443499]
 [  84.50878232   80.48236429  187.68662936  155.98926765  218.56448484
   143.62977095  207.81752478  147.57862941  130.27060015   78.17558458]
 [  97.15214589  199.70928995  115.96299332  167.01914393   91.08218332
   219.25523272  230.18110438  277.76219775   43.13045617  178.49868017]
 [  93.40125418  170.61751142   87.13340712  303.00340004  191.85326145
   112.98379126   67.2527775   274.70695142  204.22729317  249.00974678]
 [ 199.47616272  222.32982676  266.97780532   12.41802918  229.66729738
   291.37435031  343.81916258  240.33299211  114.47572619  112.66191976]
 [ 201.06419907  208.83795607  277.31486043   23.39593809  249.10415604
   283.39143491  342.45949352  217.69471826  131.76580966   92.06110103]
 [ 127.5884037   155.84319898  207.31823712   83.69664807  196.92816667
   218.37542968  270.37497488  197.58061346   82.76614626   77.04643608]
 [ 173.39966001   60.10920986  277.68552066  226.38230314  326.40917384
   143.72894777  237.45648562   44.26809075  238.81752935  112.12926338]
 [  55.61069329   73.6243021   148.64527295  233.35015382  218.93560058
    71.74030213  127.02520889  176.94471486  171.85683265  156.33890645]
 [  86.90488516   34.61041337  190.46810301  208.43616119  245.75994972
    93.47332291  170.39306974  131.12813107  175.31418685  115.85850239]
 [  94.18926905  157.0988598   163.39796438  119.1549254   156.05238023
   201.92735621  240.04817046  220.21218099   52.44255585  113.36346623]
 [  88.56508804  148.53161324  108.78310626  298.21255197  209.25488639
    87.23969323   58.09488248  252.23842479  208.18446507  235.45983268]
 [ 139.99220102  252.74409225  108.84250962  209.55024046   34.00396526
   259.35057425  250.57726801  335.01474784   84.38501128  235.75667929]
 [ 113.62458272  206.29842574   62.62659486  315.97824667  171.45377095
   151.74951826   92.33553694  310.34719238  206.33870097  274.27124415]
 [ 132.20823367  195.80750412  112.67305469  342.21961971  221.17899799
   123.20581317   43.30249402  298.56892161  243.05621306  284.40912563]
 [ 126.21819953   54.11152218  231.9249827   177.45090595  269.91413469
   141.08644855  223.14017906   96.1065057   179.04234107   70.21462309]
 [ 202.05560728  273.25924578  227.10436213  110.7395707   154.01855014
   318.42591078  343.58631954  320.31426577   77.56276492  194.7791132 ]
 [ 123.68422175   21.06505124  227.89814287  210.04784487  279.15975914
   111.12344693  198.53617233   93.62318849  199.05764319  103.85524241]
 [ 168.25898299  165.20295845  254.7147446    64.62593926  243.78472035
   241.49524037  305.05485768  179.05754305  127.07751739   50.95289175]
 [ 191.73809998  156.55992184  287.23939311   98.75079505  287.02217365
   242.23292004  317.00100176  144.03648995  172.00792396   33.90155324]
 [  46.82245378  137.38540131   87.88294409  256.95686809  175.0221217
   104.93627265  102.02653355  240.53804606  164.28505548  203.4489585 ]
 [ 195.41320885  155.8547763   291.93015323  104.85893246  293.22969395
   242.52242119  318.7391647   139.06143871  178.51786054   35.59524869]
 [  97.82487798  185.7941207   139.4129208   140.46108804  117.70554085
   216.90255872  239.6159318   256.70555387   27.01364938  151.9141734 ]
 [  93.82175545   97.92085075  192.91048869  136.95607533  213.82359487
   162.57567164  224.23680343  155.23781254  117.90277944   67.47998205]
 [  58.3722706    81.61352444  162.96192541  174.17062043  202.70809751
   127.14208798  183.64103346  164.65996333  127.23367258  104.84082214]
 [ 269.55063116  297.04355468  324.36658049   68.96920963  265.99144896
   366.28288503  415.17839937  306.04213081  165.34131257  182.17369472]
 [ 166.92671122  286.65461818   88.76291521  274.06659763   37.5183672
   272.88706317  240.36409991  378.43235835  147.91276864  291.06685986]
 [  30.90045847  149.2666662    86.20728972  205.27119013  132.81408162
   151.06589335  161.88865426  242.60608443  104.33000459  173.64808059]
 [ 163.22575373  273.29689603  132.13688419  208.90908649   36.5883761
   283.53150017  275.58026103  351.92022122   89.70806398  247.08857528]
 [ 177.24398878  291.82050351  127.55881995  237.63058682   18.83483534
   294.25247112  276.83988137  374.54463882  117.61979421  273.38925773]
 [ 209.81300583  146.15743788  311.48294963  143.51265658  323.39221154
   236.41321143  320.07059865  106.0529957   211.71104481   54.14227434]
 [ 203.09894853  178.51310308  293.94421095   78.35915552  284.65439823
   262.34426568  333.75271332  167.58475813  167.49435931   54.25785845]
 [  66.00815884  180.70337203   40.5683625   254.77603489  127.65456385
   155.21428461  134.12298518  280.89848411  143.66508807  223.81633041]
 [  98.47493708  179.69733466  147.94025284  131.32975995  128.60016244
   215.15724897  242.33663532  247.75054292   28.73088124  141.22229783]
 [  96.49596704  201.9356468    35.35649285  290.81253597  143.23870523
   160.24066726  116.40158655  304.78639301  177.90604284  257.01007598]
 [ 232.85306661  122.61720473  338.1213447   242.33410138  379.32171059
   202.71729333  297.87486465   19.24984141  282.19042303  132.58054723]
 [ 275.18490546  297.19743127  333.40597597   69.46491186  277.71017392
   368.77754064  420.39384803  301.55269108  174.71829491  179.74880606]
 [ 136.97045932  213.87656365   96.1999716   344.34585813  204.85719021
   146.41727547   68.42418715  317.56895231  238.52718394  294.52130236]
 [ 129.02685459  126.60944067  222.16102482  101.96271371  227.04134522
   199.27805247  262.75852857  159.77989759  117.71974606   42.37508075]
 [ 141.56923585  256.71828746   35.87420613  306.00069073  106.6484113
   221.26925844  171.22679223  357.24684935  181.97917905  293.78012524]
 [ 146.31201767   35.17803311  250.49123043  216.95380154  300.77460306
   123.9313454   215.16600768   71.22465576  217.08574473  105.58232995]
 [ 228.752286    109.82581215  331.02239556  274.54381564  384.62291106
   175.40366081  271.3399485    35.49975325  297.19661268  160.79552714]
 [ 196.7454059   309.471804    149.24604171  239.70572642   40.42064053
   314.93016457  298.69718503  389.40894909  125.74541563  284.13554692]
 [ 267.02576184  152.09367748  371.48077911  277.97792231  416.50114531
   223.98595499  319.95520186   50.78787343  320.50508679  170.19829683]
 [ 109.03042849  205.07036695  132.25918846  152.9333643    97.16583767
   230.481776    245.36560513  278.2021472    27.11688796  173.1932646 ]
 [ 192.2633636   144.11605693  291.34100602  119.25880008  298.24285859
   232.13958408  310.89252489  123.78679537  185.40276222   31.56548879]
 [ 134.65867705  211.07998173   95.96312601  342.30853234  204.71991319
   143.74084651   66.63467844  314.76920417  237.02110453  291.97617461]
 [  58.88825339  178.28117635   64.86081464  215.8304276   105.66317926
   174.10815716  171.04618579  271.49176734  101.84284456  197.26020285]
 [ 217.6643851   206.85117618  301.26088713   52.22859388  279.94530794
   287.72844555  354.201485    199.91351516  162.08708611   83.250494  ]
 [  70.23943644  142.3481986    97.72048113  280.33584641  193.84922906
    92.95913263   77.09273314  246.47382438  189.18813493  221.24530196]
 [ 225.33300108  106.02156376  327.17902589  275.53472414  381.96827754
   170.18731511  266.09779747   38.34449803  295.76112381  161.48163559]
 [ 253.51475491  139.04033307  358.05739004  267.71003886  403.00539439
   212.65350056  308.56561084   37.21421989  307.53708507  158.55297839]
 [ 208.57924768  206.62295997  288.93926187   37.46581052  264.58032163
   284.59593017  347.60357581  207.68899953  146.87396208   85.5677179 ]
 [ 145.6836544   264.64611366   81.36279937  250.11156749   27.67321026
   256.32567684  231.89830664  354.658684    123.50332681  265.65727363]
 [ 237.2889882   131.56571169  342.95402263  232.41027547  379.56812048
   214.71166635  309.19579122   32.93957544  279.20646232  125.63361451]
 [ 161.66654826   69.60809513  267.4143777   189.23459382  304.70662064
   160.21241298  248.72503154   62.61968974  209.56890711   74.88945502]
 [ 119.30511597  117.81369764  170.01469211  312.60951966  265.45678671
    31.66820572   64.53189381  214.2425321   243.91354221  229.38436922]
 [  90.49088234  210.3239234    48.95336198  233.18721282   78.55789289
   200.40346037  184.17142764  303.81756162  110.67212575  226.03346669]
 [ 205.49526615  215.30269808  279.98595818   17.29453679  249.17243971
   289.34742999  347.50779629  224.22601638  132.34780079   98.75026767]
 [  68.62869131  119.67772672  119.71124579  274.23999546  210.52966507
    70.61641809   79.87149263  223.70712396  192.86358663  206.60988685]
 [ 167.02985533  103.73895737  236.87241397  328.54493915  325.57597473
    47.18781932  125.34401534  173.90432397  284.71884576  228.02391225]
 [ 166.48718012   64.35417863  255.74252491  291.35509387  330.15101308
    77.71850639  172.43516572  115.96560027  268.96422728  183.2892961 ]
 [ 100.41372003  168.11402229  162.52839461  117.44713962  148.21044849
   211.18462585  246.1681438   230.91930032   41.41711067  121.81239079]
 [  88.52190782  136.28093509  170.91549924  121.8643678   174.88626006
   186.73066133  232.47512024  198.1821525    74.63625449   95.45652107]
 [ 164.75569423  248.57917482  183.38945557  130.1421859   115.71625438
   284.44188964  302.97711509  307.97675708   41.55224047  188.92389142]
 [ 142.64650541  250.58329241  124.75872116  191.85728109   49.94245458
   263.99196848  261.75514642  328.50250065   68.715291    224.38574008]
 [ 140.57316801  148.14405777  173.16926045  340.33929567  274.95462296
    59.21859663   40.1276339   242.62036944  265.14353391  259.67795367]
 [ 131.74740966  249.94261827   78.8543279   235.6142884    33.70852127
   245.10500349  226.11154066  338.89708802  108.77610706  249.25940999]
 [ 216.86802553  226.15231261  290.11741628   16.18099093  256.39618676
   300.80469874  359.07450764  232.06139849  140.45390343  108.09178835]
 [  96.61902789  207.34539463   21.05384619  283.43330768  128.64126473
   171.00098697  130.89112876  309.14825662  167.66634547  255.26050328]
 [  54.03780273  167.11943872   89.84169151  191.25276872  113.15764609
   175.74256169  185.4944429   255.33652851   81.65358483  174.24118845]
 [ 171.41509352  287.24369065  118.10543131  241.40648415    9.31150753
   287.19275798  267.88987865  371.6979319   119.26686943  272.99938156]
 [  95.81199128   47.54198443  186.20564828  252.03167965  259.32314291
    48.92126049  132.87153919  149.8496436   206.39655128  159.81657647]
 [  77.20415243  183.34737867   43.86292746  275.0502746   144.82639089
   146.4520107   114.24481898  285.8233417   165.90421357  237.97215101]
 [ 107.85333559   55.5518456   213.43620723  172.68361843  251.3218704
   134.95569381  211.8044313   114.67563296  163.03002679   73.74456101]
 [ 124.41034354  221.67364624   56.25435445  321.989444    163.83735717
   168.49223551  106.25895981  325.58216854  208.54468809  285.4295463 ]
 [  24.47115307   98.13381399  123.72712708  218.47265877  188.01696232
    99.51271273  135.6240209   197.81821035  144.47341218  156.01756252]
 [ 138.12187766  230.9273843    70.69505291  337.48791428  176.76751657
   172.57151239  102.15402534  335.0366342   224.28752399  299.01967426]
 [ 218.67077533  126.44072932  324.12711835  195.92593942  352.36891301
   215.47175315  306.62315309   54.53331357  247.92341476   91.13832807]
 [ 251.10394926  268.85121001  314.89135776   42.08672569  267.08614303
   341.50876265  395.53263609  273.74488293  158.05136234  151.19795691]
 [ 104.74660936  204.38655585  124.21018791  160.63098886   92.03387301
   226.66248392  239.03914318  279.97786821   35.18914951  177.51638272]
 [ 173.49407363  283.94375738  138.32644536  215.7227417    36.21993749
   293.46049834  283.65830071  362.4403142    98.80721675  256.8723716 ]
 [  82.63996273  132.61228423  166.41784612  127.80686214  173.64604506
   181.28720847  226.51267124  197.29079815   76.74442679   97.93863583]
 [  55.60641549  153.46985259   72.48119159  263.29033187  164.31915817
   118.54804583  103.2374739   256.44226503  164.25303909  215.55666345]
 [ 106.53351363   37.0683892   212.0376201   191.34815337  257.92085201
   117.77867382  198.14512674  110.47877029  175.86408977   91.07974206]
 [  74.22053213   99.54832927  140.38096736  270.29084135  226.84298448
    51.83044642   88.48373349  203.15228261  198.59775974  194.78074335]
 [  52.96637526  114.56221656  114.62202542  258.84227927  199.84854913
    78.9272608    95.17280839  218.56154093  177.4692611   193.83683047]
 [ 140.93390887  220.71205819  172.86304621  119.23148607  122.67703958
   258.82150366  282.44183802  280.84439067   16.25166129  163.93932449]
 [ 212.90669889   93.79821833  310.47501006  291.71207897  374.06727405
   141.58427232  236.60568699   68.97325039  296.87874229  177.38402474]
 [ 141.99109812  116.60295599  240.03558911  113.73638796  250.73859628
   196.76332749  267.64184531  136.80087145  142.49922622   19.82236602]
 [  32.02821604  146.64465291   75.19474337  234.03461716  147.96277389
   130.69480668  131.51125602  246.21083051  134.89681084  192.43998577]
 [ 156.88215447  275.86311165   89.13783596  256.93672922   23.53827274
   266.96048741  240.48942289  365.68443237  130.8634406   275.60284024]
 [  80.91900248   49.47000711  175.18430899  238.37410295  244.58285258
    61.16222832  136.43789066  153.59688991  190.11745695  150.21232761]
 [ 175.23861307  294.93566125   96.13521287  278.94229213   39.3517353
   281.06630871  247.49376394  386.47505547  153.28498565  298.18785229]
 [  72.22773318   47.97514238  175.29668876  209.82602807  232.62736872
    89.73238248  159.97534329  146.34875701  167.2322289   123.78150045]
 [ 130.54547381  248.68245205   31.03932141  285.06255254   86.85486309
   221.13211958  180.46147918  347.11893862  160.30504721  277.47157418]
 [ 118.52609311  193.32641433  165.27130142  115.55965608  133.81010397
   233.67214916  262.71773785  254.79859247   17.94595824  141.26823638]
 [  15.38309285  134.51581087   95.166891    207.34140369  148.29652094
   136.3906887   153.16613027  229.45494415  114.13729669  166.83474572]
 [ 192.77891353  107.53057276  298.00274018  178.62785461  325.7220453
   198.02665436  286.59009023   62.6362866   222.33649074   68.30960995]
 [ 207.44244007  323.54426888  145.97924447  265.9427728    43.79835526
   321.94356676  297.5682406   407.38666359  149.24400078  306.08574154]
 [ 140.76899619   22.61648247  243.1596962   228.79648546  298.93854656
   108.10296814  200.376947     81.60335988  220.73070562  119.36721849]
 [ 190.22304789  210.87671108  260.65999907   20.03982846  227.82902798
   280.36955229  333.99912031  229.81292319  111.16055308  101.8572265 ]
 [  94.9343741   150.69151362  113.5865701   304.33406223  215.10942957
    85.57670007   51.45114152  254.03551061  214.86444204  240.24586074]
 [ 150.31999085  105.67125503  214.53541037  323.57189137  305.73685506
    28.17342667  102.52035819  187.43591499  271.20111936  228.19981039]
 [ 179.09619792  154.94247924  272.25973233   86.73554274  269.49725009
   237.57014557  308.56928586  154.16492502  154.23038461   31.12465583]
 [ 199.96542673  206.88816884  210.9034761   403.07976999  318.36695425
   116.20829475   59.9786175   294.50743621  323.03141747  322.07497749]
 [ 120.70092623  156.11469708  198.37052172   89.66460737  187.9002176
   215.27077733  264.5060726   202.6203803    74.63873547   84.60648992]
 [ 171.63713576  194.77224526  177.11223568  378.33793899  284.68587189
   105.97064288   27.05948307  289.16357254  292.91817569  303.53141065]
 [ 191.11242252   78.07840042  284.0853389   295.66198413  354.33725166
   108.39240268  202.65418738   95.2479818   285.93529341  183.54861281]
 [  93.15980689  137.82338159  124.8235446   300.24267255  223.58703998
    71.22518724   53.79826131  240.70164204  215.98160348  231.63225651]
 [ 122.83628601  240.91863022   24.30532111  280.13202613   88.81570268
   213.91793762  175.20242784  339.40680156  156.11224533  270.54747354]
 [ 114.85626373  222.25432014   29.5180923   302.69621594  136.95110914
   179.37512892  128.43513765  324.96327787  185.68848604  274.35054544]
 [ 182.99075739   66.35980851  278.92120436  280.23734597  345.37470395
   110.44731861  206.07188632   82.83379511  273.49380953  167.86717844]
 [ 118.48800627  212.93937709  139.30760119  149.5077755    96.35283407
   239.81025106  254.72305895  284.04933179   22.65942903  176.33418723]
 [ 116.5636278    70.17771217  221.21253655  158.26805339  252.28649739
   151.02518359  226.87264806  115.04279988  158.07696441   57.73436412]
 [ 155.08914833  136.47326951  201.08498469  344.21817001  299.65647842
    46.73615105   70.64999993  223.2418641   279.53599136  255.34380832]
 [ 258.50880478  277.57706147  320.57057915   50.4116612   270.25470216
   349.92023366  403.21274768  282.22126009  162.97962875  159.95296232]
 [ 218.2293044   236.41725919  214.05149562  425.20789881  322.80723366
   145.91205672   72.48921879  326.00701335  338.46617514  348.81001574]
 [ 109.10640689  205.55132986  131.61571796  153.77196612   96.28723624
   230.62904607  245.15691925  278.89017878   27.85612495  174.03089019]
 [ 139.30611047  195.30075416  196.25310641   83.66354304  163.22022606
   246.85842738  285.13695351  244.08966509   45.36158372  122.64400555]
 [ 116.76338983   86.725338    219.17758381  141.46961338  242.93645506
   164.39591181  236.10538746  127.8316925   144.30156627   47.29927497]
 [ 148.20090474  259.08192107   45.16164054  322.71979933  127.75740135
   216.35005     158.32033665  361.23889934  200.1511551   304.61921301]
 [ 179.92604509  131.69105679  279.87074069  122.49608154  289.96622437
   219.25152159  297.70978778  118.51013866  178.86276136   20.76949395]
 [ 147.19427437  202.20323643  202.53384805   78.50918038  165.82566435
   254.67176047  293.00279989  248.77640726   48.71820178  125.79662887]
 [ 164.44458894  161.84799532  251.30378561   67.41462875  241.506262
   237.75296486  301.15576234  177.45828816  125.13664017   49.19615429]
 [  69.20301462   82.80680801  148.75355499  255.98061076  228.57736901
    53.04154046  105.96013915  186.81215824  190.83851728  177.45712923]
 [ 167.06932689  165.56790304  253.0333287    63.74746611  241.65759346
   241.31564308  304.30269023  180.59674273  124.90539213   52.39906316]
 [ 102.23724553  166.72788564  104.08866231  312.47648819  208.90336046
   101.57178931   50.7364363   270.28948298  217.73514926  252.86279973]
 [  77.91163331   65.02449178  164.98879344  250.37927983  240.46198524
    50.44374194  119.68525809  168.89063293  194.32474479  165.78564366]
 [ 164.79248981   51.14058144  259.86180274  273.00362645  327.68194477
    93.10403781  189.04563522   93.87517868  258.99761002  162.91056331]
 [ 155.97048694  263.96702123  132.9449513   197.45365143   45.87968625
   277.13083424  273.00580272  341.13957024   77.73733797  235.34248587]
 [ 177.08185113  275.92430891  167.82976312  175.55479349   78.99847004
   299.23579986  303.31464844  344.45350547   72.4200052   230.24632319]
 [ 215.9635445   175.10645823  311.37069183  104.86200922  308.56261247
   262.66454371  339.6734671   148.85044047  192.33483739   56.61071865]
 [  94.83019905  179.82598504  141.93205774  137.36181719  124.01613671
   212.74711804  237.9168451   250.05570988   30.55173661  145.47009567]
 [ 106.13033428  198.65446194  136.54403888  146.30819927  105.58565257
   226.77888557  244.9433896   270.36938611   22.90861795  164.72360177]
 [ 110.54200211  230.2132376    54.49672607  239.94538992   60.01547721
   220.0774924   199.51261358  322.72629958  114.37213319  241.00293957]
 [ 166.50240053   58.86853815  258.37297068  284.14358611  330.0326092
    84.70001816  180.14158601  106.13146263  265.53874391  175.06280825]
 [  29.26107739  120.21180771  122.87447     180.98508078  160.48064201
   141.8506775   174.62702504  208.17629971  101.46532637  137.57303691]
 [ 239.9045008   127.48952927  344.86277177  252.61796848  387.94816405
   204.86258392  300.44865099   23.54466376  291.78440583  142.84854767]
 [ 251.25596238  139.67726078  356.40612131  256.22215942  397.88405145
   217.14793508  312.77327912   35.56982918  300.08710243  148.58334986]
 [  72.77414185  125.50925588  117.47207726  279.57990307  210.57298682
    72.82869668   74.43530265  229.46021584  196.38149225  212.81692638]
 [ 269.87266989  290.99264742  329.28178011   63.39323653  275.23140092
   362.80779181  414.94196824  295.4310162   170.85495757  173.48880397]
 [ 222.70821776  214.12536679  304.71740585   48.42207256  280.75512763
   294.55425913  360.16825499  207.27966033  163.11199528   90.69951578]
 [ 204.12286114   93.66671229  309.20067013  230.11257665  352.78601772
   175.988858    270.45428735   13.27345222  258.96013403  116.72033856]
 [  63.67330526  183.4434886    58.74371914  221.33491545  102.26734329
   176.68114801  170.05928025  277.34366139  105.78879682  203.73650093]
 [ 114.68066365  228.61677069   10.65636157  289.8014335   113.77116469
   193.97609812  150.11544026  329.54931174  169.31193607  269.92423773]
 [ 147.47935999  206.19525624  199.47035905   83.1183059   160.15751465
   256.80406496  293.07105258  254.48127305   43.74315137  132.01532524]
 [ 152.07673473  152.3517267   185.27064281  349.87363862  287.37900315
    61.90011574   46.59099582  243.85657377  276.79639168  266.76711725]
 [  74.81829014   54.83018689  168.96707715  236.73248304  238.47548533
    62.97906376  133.98943708  158.88280489  185.4953138   151.04861044]
 [  98.61868923  115.93055097  149.26251885  296.97903604  243.4005563
    43.50634556   65.19403261  216.89006818  223.43730904  219.34200049]
 [  95.97925082  207.65138102   18.64758263  281.2608919   125.77842816
   172.54995723  133.58755551  309.19103973  165.07747376  254.09657079]
 [ 103.72498251  200.53649954  128.73960992  154.72302031   98.38158849
   225.21986662  240.23733946  274.73837353   30.3564813   171.29330888]
 [  70.80787443   64.95521123  176.47431465  180.40231706  219.81342595
   119.10927953  183.90127771  148.33809432  143.08151163  100.00042602]
 [ 218.42904135  107.77563077  323.5685496   236.66420647  366.21481441
   188.65417402  283.56509459    6.76479323  270.85651553  124.76216804]
 [ 145.57364213   50.40685732  235.078893    278.52290817  309.22655374
    62.42554616  158.37471908  122.79953387  250.0584716   173.77808762]
 [ 203.54748188  321.37794478  134.65217616  276.1888631    42.08980808
   315.12471077  286.38227499  408.03122752  156.19871583  310.58920873]
 [ 229.34325311  218.06218524  311.96966099   54.16245898  288.08975462
   299.45231837  366.12920616  207.75717172  170.48387061   94.09432678]
 [ 192.28644632  297.66482752  165.45934486  205.56978159   63.19790535
   313.75564157  308.8760541   370.59119389  100.0188576   258.98610193]
 [ 209.43152181  189.44673098  297.86186129   69.24478771  284.21081979
   272.41663836  342.25883157  179.17749519  166.4954009    65.16682978]
 [ 184.57183271  173.51621139  272.12449287   63.79003367  260.28021596
   253.05348883  319.54292075  177.12204887  143.053629     52.35339313]
 [ 155.62537765  272.61321337   51.65139871  309.12942356   96.31717418
   239.89266665  190.28150376  372.05718455  183.35977298  303.71774013]
 [ 190.68683277  112.32950602  295.29846504  167.28697858  319.41535941
   203.01254386  289.83889144   74.12352955  214.18490481   58.09481729]
 [  14.53397109  108.30441928  120.03319684  200.84442628  172.93279777
   120.06896617  153.48288893  203.02546604  123.59899811  147.06896166]
 [ 108.40726043  168.87156754  109.86043566  318.59617861  215.27760185
   100.47571418   43.95552074  272.04727327  224.5482789   257.54655443]
 [  70.48674825  179.05646501   98.56879893  180.63193409  102.88081755
   192.59584725  202.97156229  263.22343822   65.43871985  174.31046836]
 [ 198.35171923  318.33819537  109.72487609  306.24311581   64.99870827
   298.93536335  257.51242839  411.72965499  180.97045167  325.67266075]
 [ 184.59790621  304.40414048  102.5135491   287.84972926   46.92850553
   289.11109356  253.1229109   396.31015665  162.55968643  308.15753096]
 [ 129.7591142   224.76930014  144.29842434  151.4466915    91.25519479
   251.33883248  264.32200409  294.90221739   27.17065209  185.25643513]
 [  98.98373975  195.86005306  126.79434627  155.18725275  100.95670235
   220.40194264  236.0984114   270.7050545    32.75533548  168.46931591]
 [ 236.14816132  128.02999373  341.6544384   238.09527272  380.55201714
   209.62195831  304.49947078   26.54114647  281.71370128  129.87763746]
 [  90.41388653  210.09149454   32.3867678   247.7823602    89.27955021
   192.91642757  170.23905148  306.43061689  126.73267922  234.89015514]
 [  81.60546238  199.6821332    26.65722903  254.08077326  106.3284523
   177.56788448  153.18867809  298.13425758  136.58941642  233.26971413]
 [  78.99594626   61.82662744  184.6082234   177.25707532  226.21162157
   122.60254942  190.38802489  141.04096524  146.21760562   93.01653141]
 [ 117.18181024  232.04523312   11.53964567  289.02053409  109.19059207
   198.62254075  155.25099968  332.59711517  167.66365735  271.2167633 ]
 [ 108.2359899    58.6605882   192.10518633  269.81451133  270.63916462
    32.66618018  122.98444784  156.11520011  222.58675109  176.27982728]
 [ 171.27928096  138.16482395  268.06787381  103.90352265  272.56176522
   222.39050302  296.14200101  137.21915084  159.82494014   13.89134533]
 [ 158.03673818  146.44744128  249.465833     83.93470044  246.9605966
   224.47745604  291.07357029  161.28833589  132.68278602   33.10489874]
 [  86.8770934   164.23337687   87.56364403  296.72144759  190.54068132
   108.85901308   69.95283141  268.35055259  199.24811166  242.06672526]
 [ 155.68072231  217.38646735  125.99926123  365.44719349  234.72832786
   140.63974125   49.68854612  319.32960608  264.15539341  308.12823184]
 [  98.22223971   48.43439329  203.97003253  181.47806959  246.42868119
   123.20804005  199.14390439  120.60588006  163.12418137   85.88325488]
 [ 147.14352715  264.00993271   96.11370222  234.31629382   16.54118631
   262.27349018  244.18906474  350.57673398  108.55894945  256.25880708]
 [ 156.47534944  181.68984907  230.72285435   53.99294097  208.11871913
   247.63633418  300.02646197  212.27971739   90.27842614   85.16346785]
 [ 224.26043519  213.15820386  307.30958896   53.03321108  284.53462062
   294.337841    360.93517369  204.26675651  166.79799658   89.32333689]
 [  41.49729715  141.63679345  113.42779861  175.8649512   139.82871492
   161.2344092   185.78203586  227.11020071   83.40415427  147.18388975]
 [ 146.31679056  250.42123421   54.63455761  333.03166382  150.84223248
   200.23312891  135.54553664  353.86041847  213.72558286  306.18148075]
 [ 178.21611484   95.1393535   256.30116712  323.25692415  340.04698761
    66.82730478  152.20030107  151.1134829   290.24258147  217.87636056]
 [ 103.6149484   183.63911328   83.0454203   312.134221    190.19343369
   124.32366244   68.73238459  287.72209937  210.10728757  260.85759486]
 [ 101.8051554    45.3618863   207.53769157  183.69015752  250.64902614
   122.60073653  200.101957    116.53719094  167.21047203   86.09911232]
 [  16.43516407  132.62174764   99.99442152  201.32122029  148.8362377
   138.58391684  158.38460813  226.15813307  109.70406035  161.24414676]
 [ 166.45603572  285.75424423   69.89614226  301.0157896    74.29293395
   260.08724287  215.89976557  382.5474727   174.17943482  305.86648181]
 [ 183.70547167  242.03340972  226.40089374   76.78911097  170.30501994
   294.26696047  328.70801353  283.57764802   67.52071955  157.17458203]
 [ 111.61488438   74.33955013  215.70705486  153.85871091  245.19128032
   152.34012301  225.78836949  122.3898195   150.73228406   57.62933934]
 [ 195.59961874  260.86736836  228.62295496   94.3825791   162.61600713
   309.52596871  339.03082408  304.90419922   73.35578783  178.74255144]
 [ 133.33550401  163.64698578  210.29830765   77.19274677  195.75721326
   225.92675558  276.84644571  203.93434992   80.0284113    81.58515325]
 [ 243.95842747  271.91929449  301.47960577   44.78231673  248.35556093
   340.35685674  389.46158142  284.86967886  142.99421838  159.20218459]
 [ 156.56896323  218.31685973  126.4287731   366.31371639  235.13359896
   141.48268838   50.32108154  320.24156265  264.90112811  309.0706183 ]
 [  75.13468698   92.65133169  145.98663697  267.27759547  230.53711369
    48.28499111   93.78643545  196.19002087  198.70652174  189.65976771]
 [  88.41023693   56.98094279  176.33977433  253.45039617  251.41428117
    46.06252849  124.3965415   159.98430725  202.45299594  164.69013767]
 [ 186.43700311  303.09454894  126.13177035  255.91910879   22.84751595
   300.64990933  277.36218249  388.26056978  135.18348175  289.65326074]
 [ 165.67604543   98.35751352  269.78481225  154.16777199  293.55509069
   187.92165044  270.9790312    88.73330311  189.77355947   39.92642018]
 [ 129.50729276  103.15495897  191.16486942  311.22512198  282.83892833
    12.63712044   86.7007932   194.4044047   252.11886518  221.19689568]
 [ 140.77270004  130.58219943  234.44126932   97.83193961  238.02442042
   206.72366013  272.79289387  155.12194809  127.00346798   32.19659331]
 [ 151.03140892  266.33514084  105.9590307   227.15838706   15.94780608
   267.99851724  252.8181571   350.82469507  102.4910357   253.46442187]
 [ 175.9650258   273.08611644  170.24653088  169.74938815   83.85391251
   298.06522087  303.99681504  340.41032993   68.27947708  225.42804134]
 [ 155.57796975  171.61202746  174.09712586  359.47296582  279.40444564
    82.67432331   25.38413197  265.94207461  278.87429559  281.7759183 ]
 [ 154.65243877  105.38120875  256.66639971  134.52714097  274.61760105
   191.69460686  269.67702364  110.56980489  168.66809391   20.50195601]
 [ 165.22509974  158.0502053   199.05536318  360.8037174   301.46016263
    67.51534295   56.47765196  245.88064566  290.02904518  275.15091926]
 [ 198.32782271  223.75435801  264.33410652   16.05170732  225.71733626
   291.74516581  343.01405672  243.50570606  110.96743059  115.60379554]
 [ 162.4774482   205.6298202   151.4024101   372.33518535  260.03236347
   121.93486477   25.9770789   304.56301823  278.67054964  305.97874932]
 [ 160.98941399  169.00363717  243.59169065   59.2578      229.1286371
   241.34067326  300.74489766  190.55654462  112.04266373   62.43619211]
 [ 165.37014512   76.10493501  248.75964275  304.28652003  328.40000274
    63.65569439  155.82711545  136.0681304   274.10277467  198.67346365]
 [ 145.80158413   34.88098064  241.31235774  261.51715994  308.759595
    81.11624211  176.69214949  102.39859718  241.73443414  154.21717873]
 [ 166.97013849  183.01377826  180.7885744   371.50352067  287.1931784
    93.43914244   29.16897132  276.22353567  289.79446513  293.8831575 ]
 [ 205.20934702  167.9364397   300.2651987    99.39296245  297.83693115
   254.52357458  330.19462025  148.27872153  181.91434542   46.93465531]
 [ 199.3140142   204.14196996  212.26876311  401.67727072  319.47207743
   113.49498106   60.89804487  291.1788427   322.68824467  319.88250522]
 [ 185.66965577   76.44152231  290.75944742  220.9328806   335.01826124
   161.41096146  254.89981341   31.18453777  242.95812838  106.51795247]
 [  99.29707405  125.37726201  142.42237589  301.29571037  238.88958252
    52.9203433    57.0650117   226.76698082  223.88900648  226.40230103]
 [ 171.5070676   115.8605158   273.53652034  136.00663412  289.79246955
   204.19538154  284.46158317  105.18173637  181.81471036   24.18507482]
 [  78.48631636   54.06816591  171.33736216  240.5453851   242.09427056
    59.03189938  132.15676061  158.19176596  189.7931929   153.78646216]
 [  38.39502365   97.67498301  141.78061148  180.58025428  183.47957251
   128.41445186  173.65447798  185.44298844  117.11891544  122.70945268]
 [ 151.88787792  105.92049091  253.51197385  131.82950384  270.73639398
   191.4156735   268.41647853  114.19637468  164.6565137    18.72845188]
 [ 110.58264491   41.54005079  201.08074728  258.31829788  274.19376353
    49.20486899  140.09567871  139.52145858  218.67152196  161.4593945 ]
 [ 217.8665202   103.85558796  322.36594434  246.35284187  368.57623855
   181.27114108  276.7207488     5.95297515  275.86764749  133.43492603]
 [ 223.67555201  159.48007895  324.91319541  145.94864411  334.5595758
   249.92082997  334.10864069  112.47518645  221.60361512   66.26934407]
 [  98.57385988  218.39323493   33.66513046  250.01657043   81.75340141
   201.48441176  177.10418633  314.24871924  127.2825027   240.69081502]
 [ 169.47429461  280.7483075   132.9711004   217.19128015   31.55978827
   289.08407237  278.5049127   360.22711643   98.55844797  255.89963709]
 [ 148.92433183  159.61292804  232.57351292   69.57224804  221.59032856
   230.18045645  288.7089526   186.927303    105.6258832    60.26037903]
 [ 159.36522137  165.29731578  184.95857138  359.98093897  289.05096104
    75.00404795   38.97656451  257.06232647  283.63647348  278.70803296]
 [  23.58469641  117.10024528  104.10791811  232.53172787  176.8378712
   103.27410335  122.53334699  218.34310738  147.85297854  176.3016317 ]
 [  76.00220336  129.49317002  116.33289855  283.43956457  210.9642417
    74.4136221    70.60867438  233.37097411  199.10748228  217.16995273]
 [ 221.05022127  144.75629576  324.65378472  166.94103011  342.21622556
   235.40071301  322.76664801   88.26985564  232.42495302   73.3427763 ]
 [  24.09556059  100.02102427  129.67066828  196.29072736  180.50573709
   118.08409937  157.73244946  193.63272822  125.27701131  138.50056379]
 [ 113.70340025  155.92988131  131.1083598   321.81723219  234.54530176
    80.45708702   32.27141457  257.45439468  234.9515104   253.1878049 ]
 [ 198.80125034  101.99794487  304.53556416  199.7006622   338.47839018
   190.7540233   282.1921822    41.39306517  238.43735508   88.17891354]
 [ 172.37410583  290.64666776  106.23571951  259.53400394   17.82343215
   283.89980229  257.75503282  378.73889984  135.28912461  285.00071522]
 [  74.68740397   60.64160112  180.41976277  182.00854128  224.46134085
   117.60860978  184.59096037  143.86425128  147.27326497   98.83114831]
 [  77.13130473  191.79677283   29.40506997  262.02462309  122.36342118
   164.02009354  136.9836497   292.13038928  148.02681381  234.12156682]
 [ 213.89651245   94.140954    315.04342964  273.21059799  371.75886831
   156.83612173  252.75632668   43.19726357  287.9698186   158.74154385]
 [ 128.96004237   88.09933195  199.08180665  301.6821932   286.67084296
     9.04874307  103.02961741  177.72884043  248.89487002  208.36229611]
 [ 150.01173428  196.82328123  211.207215     68.23937035  178.33959004
   253.35233897  295.8340535   238.91971871   60.71652443  114.44871495]
 [ 151.50178431   94.59928346  254.95471518  145.86925593  277.60360764
   181.96960108  261.82411512  101.35007514  174.36593024   32.1856384 ]
 [ 193.03124169  284.4960365   192.6016656   160.41891973  104.76050021
   314.65706232  324.44358314  346.34089209   76.71152994  227.19903464]
 [ 157.39203656  242.5712423   176.45585064  131.95731532  111.75432667
   277.30670349  295.43623997  303.65279651   34.93603613  185.95977004]
 [ 222.16706751  151.07401877  324.84849112  157.8735286   338.99418756
   241.74690037  327.78148075   98.7952996   227.74912273   69.59577595]
 [ 145.21588683  265.20400864   63.26449759  270.63465793   51.59407312
   248.03073509  214.97685341  359.26683885  143.80417246  277.75888814]
 [  24.01632558  141.86379392   92.05764413  203.60806297  139.97220934
   145.25762573  159.879815    235.3519435   106.6664239   168.22625905]
 [ 133.28147351  110.09916584  231.95457139  118.78492731  245.12653515
   188.75026299  258.83327542  137.0087083   138.88899156   27.92905581]
 [  92.10748401   37.8716192   197.24008602  196.28934268  246.6898345
   107.11881963  183.99064986  124.46657068  170.0869375   101.93694238]
 [  90.5576393    62.04873961  175.47270749  259.31988387  252.84768257
    40.23028143  118.69438854  164.32887442  206.52952708  170.93469673]
 [ 197.55409667  246.30074496  246.00188961   58.87985376  191.68476947
   303.92989208  343.27855809  279.92320228   86.92532684  151.96812983]
 [  60.99320626  131.77860855  102.29989597  270.46074102  193.95983939
    88.08062364   84.97555436  235.85628879  182.45002076  209.78404564]
 [  54.62345638  144.93888727  124.80020122  161.6213116   140.61831027
   171.66011068  199.80122009  225.37831544   71.70493637  138.23040554]
 [ 191.97936227  301.6226527   154.55037381  222.52874436   47.87088464
   312.05221281  301.3568005   378.52199857  111.36067763  270.43281509]
 [ 174.24622807  289.25386555  123.62279749  238.27343843   14.89088848
   290.88930733  272.98590577  372.59366598  117.3265577   272.34562739]
 [ 210.85556597  229.55084353  279.25148096    1.72416393  241.14999512
   300.61540311  354.76920589  242.5787885   126.5003728   116.13110908]
 [ 108.55955701   64.16026664  189.94371573  273.94480619  270.22741969
    27.4103298   117.65324247  161.27689042  224.57011911  181.3077652 ]
 [  86.27938762  190.67267916  109.340019    171.12164529   95.87915457
   208.41735711  219.58933872  270.92183689   50.73150627  175.3482493 ]
 [ 194.28884825   74.89566072  296.07137034  257.68604526  351.73615644
   143.56006468  239.43266895   43.12294967  268.38992971  143.25328541]
 [  78.26892322  183.06788965   45.72717641  277.20637422  147.48029197
   144.82956441  111.49381891  285.76432341  168.51170635  239.17913756]
 [ 164.62278896   75.90209553  247.88456186  304.06912487  327.62130189
    62.74466341  154.96420212  136.61020602  273.53552098  198.61927097]
 [ 169.09436036   77.79158615  274.82307006  187.70603503  310.26011587
   168.30709147  257.0944318    59.1796121   213.24612761   73.21096686]
 [ 183.86289606  221.83568653  170.11800767  393.54468861  278.94019143
   135.21809879   42.35960791  318.67241698  300.14884549  325.42776155]
 [ 159.04813073  258.74056481  153.64347745  171.02581423   74.11292174
   281.20153754  286.29685384  329.24645635   58.42231109  217.54381908]
 [ 153.1220254   229.18502794  185.34840241  111.584       130.50814422
   270.06845001  295.2053564   285.50453624   29.02328301  165.72518013]
 [ 249.93408168  267.75616449  313.80609942   40.92213487  266.21259458
   340.35530349  394.35827071  272.89093252  157.02817999  150.20957191]
 [ 152.06407013  134.91723094  198.19467902  341.66547634  296.61535883
    44.80538212   69.07514466  222.62722838  276.54142549  253.28950236]
 [ 234.47341011  129.39800017  340.15986997  229.49583697  376.44110278
   213.09422148  307.39497098   32.33562246  275.99814601  122.48064881]
 [ 211.74331318  205.9893639   293.59632651   43.66748233  270.71245081
   285.21653996  349.72216279  203.86269943  152.91505149   83.67584018]
 [ 237.97692667  285.34911924  280.67108922   74.99665533  215.28539024
   344.76957949  383.48367952  312.1982715   122.59605895  184.04257315]
 [ 249.19296789  265.9539371   313.85340226   39.68723271  267.1427253
   338.92997744  393.4471666   270.48643114  157.40814149  148.05663439]
 [ 164.12703047  158.4227693   252.34142615   71.49061075  244.38826098
   235.22436708  299.75958889  172.83079183  128.42165964   44.58409497]
 [ 185.68535172  278.22300417  185.32115668  160.25251912   99.31723968
   307.40838276  316.82606335  341.43910197   70.7329576   223.39267796]
 [ 138.98482065   21.35425034  241.52927921  227.16521493  296.99487793
   107.94723934  199.85441892   82.77353281  218.70887441  118.01937654]
 [ 159.72661385  129.93039532  211.63132304  343.1223081   308.30378186
    43.61871498   84.44356241  212.87061646  283.32622648  251.02707836]
 [ 155.94202976   88.79260021  260.43009648  157.08803614  286.71792977
   177.89368326  260.47121748   89.56514433  185.13176684   42.77277782]
 [ 170.35447716  132.56463477  224.10511778  349.85292251  320.38770232
    51.15608664   95.25978657  210.5537875   293.32632416  255.24553872]
 [ 117.35492807   32.52486852  222.64365211  196.42936302  269.33477819
   119.24488957  203.12971423   99.35060473  186.28042866   91.93399956]
 [ 150.17001673  241.57215755  162.42774109  145.74109796   96.84934624
   271.38524045  285.15674407  307.3045589    35.18836506  192.88134309]
 [ 135.61900334  235.68258642  138.40445967  165.31568938   76.65044179
   257.74770234  265.28913624  308.40505323   42.43050972  200.21250858]
 [  29.06006035  145.74045219   77.03889177  229.31592996  146.07997315
   132.84236193  135.973187    244.53741244  130.33463656  188.69576788]
 [ 210.71249372  104.49740903  316.26243958  222.43757644  355.64837295
   189.06757973  282.9240937    19.2044534   258.45984927  110.72453918]
 [  65.84314979  185.71090737   48.28659649  232.75275806  105.70180449
   173.0918199   161.04029668  281.71610961  117.40091551  212.35284099]
 [  22.57877218  135.61390034  101.48862254  195.68292303  145.02264113
   144.62977387  164.93580549  227.43149794  103.03548418  158.69940676]
 [ 197.69085311   80.10520825  293.86852399  288.1192691   359.79978706
   123.66668382  218.80214422   78.12374241  286.1439416   174.64453012]
 [ 164.24707567  233.96935946  200.30726616   98.92288072  144.37427869
   279.11291867  307.63656662  285.08157519   42.53787398  162.39996787]
 [ 122.65923615   77.90927202  197.48939528  291.60928223  282.27146558
    13.97411809  109.82107338  169.49673758  240.97008996  197.88056883]
 [ 131.52622481  163.42033884  147.53722573  338.4073306   252.28827585
    80.83166763   17.09603478  262.55694992  253.49346727  266.31051923]
 [ 197.17244085  107.7053831   302.63644563  186.26465961  332.16551499
   197.75974959  287.48532089   55.33450954  229.55940027   76.09804649]
 [ 199.65546698  234.70855409  258.6762666    31.91041859  213.20145351
   298.7572539   345.30529528  259.81214665  101.75592705  131.56601502]
 [ 197.58921     316.68052091  121.5106086   284.85581278   44.22297548
   305.71534163  272.77714171  406.04780509  162.03883879  312.92036359]
 [ 161.92532562  210.04994564  145.59908385  372.09629034  254.38289075
   127.87424758   32.21841083  309.83814765  276.236279    308.0849756 ]
 [ 197.55134836   86.35916706  288.9207445   304.90319014  361.02239044
   109.86594735  202.83114344  101.97200341  294.21375609  192.77226017]
 [  67.88926169   66.15163309  173.5789475   181.76617339  217.64810016
   117.81279414  181.49356108  150.91597969  142.21011391  102.64707303]
 [ 150.00220668  263.21572523  113.35790785  216.19032997   25.67621208
   268.80981417  257.71726885  345.48356364   92.35457537  245.48705855]
 [ 179.60961086   77.94285942  285.24205866  205.00503529  324.97901043
   166.48321706  258.07752636   42.0540667   230.08312273   90.64058699]
 [ 258.12934337  140.26846656  361.26566521  286.48614212  411.64092085
   206.50641447  302.36478537   48.22577605  320.0537142   175.4481573 ]
 [ 142.64326249  217.58894747  101.60241226  350.29241843  210.11097956
   148.33001913   67.07593665  321.08558183  244.62032493  299.74039811]
 [ 151.47416091  196.20816093  143.68447249  361.2940523   251.96786931
   114.15029934   19.18780922  295.94882143  268.14210326  295.26387689]
 [ 185.03114208  304.99862363   95.1784093   300.56868494   62.12284746
   284.48600321  243.2741566   399.23372574  174.36225667  315.59085153]
 [ 176.89638628   67.40893356  268.75962143  290.37065948  340.38472809
    93.19544271  187.99872242  103.009217    274.83212484  180.00896037]
 [ 101.8647163   102.6625252   161.98501915  293.05337631  252.94358601
    28.66265183   77.53659045  202.31445634  225.9333641   210.75163734]
 [ 114.46448327  215.01812033  126.61212085  163.23853687   84.49906934
   236.53780634  246.56284945  290.08131097   36.38739079  185.96222351]
 [ 102.01046509  219.55126164   71.40292383  217.75181735   61.68315299
   218.07337763  207.3722268   308.55254559   92.29929324  221.72175369]
 [ 176.70726632  204.52997351  175.77959995  384.64391015  284.01959245
   116.24998346   30.82596599  299.58680681  296.58799014  311.85256207]
 [ 167.35735292  287.15114573   88.02794749  275.84693392   39.53201016
   272.74129994  239.53064381  379.21221086  149.62867658  292.33597793]
 [ 172.31749969  177.67089336  193.45191303  373.53586984  298.80109181
    87.06940895   43.20142327  267.75698797  296.32609131  292.01638417]
 [ 109.39628261  109.62287324  205.85181315  121.31796207  219.40889204
   178.66023788  241.38906532  155.63417248  116.72494668   54.06682201]
 [  83.43551341   95.7258738   183.07318776  144.24639168  207.13473681
   155.48214174  214.73507933  160.08639418  115.44183914   77.75487212]
 [ 129.13184399  108.68061797  227.72210435  119.71368721  241.37478124
   186.13652749  255.34750496  139.02891903  135.83980332   32.1541065 ]
 [  93.63585342  210.78872076   14.16389033  265.32291165  104.88592008
   184.77586184  153.73791513  309.96316547  146.09619781  246.00172833]
 [ 227.2368447   146.30084054  331.40179479  176.85134691  350.97236086
   236.66890518  325.39836735   82.3502072   241.83919113   82.65019715]
 [ 104.76987882   82.60850535  207.51058682  146.57673759  233.89772987
   155.90427806  225.25592027  134.29528907  138.72221554   58.74144355]
 [ 153.43500683   33.52050834  254.53061455  241.55633242  312.81430793
   109.16979741  203.5999157    75.30018502  235.54440768  130.56326931]
 [ 119.19743055  238.91033738   36.83076932  263.87006383   72.07123106
   219.20935741  187.99891998  334.95225399  138.77968204  259.89701094]
 [ 171.31045928  273.15981753  157.70279284  182.70435401   68.3275707
   293.38988052  294.84888706  344.39974453   73.50705615  232.5181216 ]
 [ 115.26331492   47.85000492  221.01041746  180.75962008  261.57139705
   131.74581513  212.17334225  104.63363632  174.07317735   77.54730496]
 [ 231.33640931  266.92695502  284.82814677   46.83629397  229.5672765
   331.74658975  377.17512065  286.88601641  125.88775711  159.43136132]
 [ 130.10484903  238.72458103   34.05843241  312.79420668  133.69128929
   195.14977247  139.79236058  341.31392982  193.14514396  288.59040284]
 [  83.2589028    92.68313048  183.73595618  146.63511261  209.25102496
   152.9770439   213.14436175  157.65833359  118.33257053   77.76596525]
 [ 150.68746835  268.92594558   90.37183958  246.23267307   18.49675522
   263.12151112  240.5211742   357.4566924   120.16611817  265.75671686]
 [  90.86582095   85.88665315  192.87108712  148.19170256  219.85075791
   151.60809854  216.04282252  147.17534383  127.81975052   70.76694962]
 [ 150.83934378  267.716748     46.72900982  306.09404698   96.47796108
   235.10055047  186.28448575  367.23372984  180.62191079  299.46690586]
 [ 180.38919626  299.96234955  102.09936571  280.07704678   39.03432347
   286.83249004  253.43899053  390.97533873  154.95546295  301.47246967]
 [ 222.03082626  247.25260852  284.4864117    21.21927053  238.86610055
   316.17278963  367.0539499   262.10550897  128.0125098   135.49357602]
 [  73.17164474  141.88701048  149.29630889  138.34925307  155.7999324
   181.56241331  218.93546479  212.91708349   66.15219759  116.54176575]
 [  47.71635857   92.40416481  131.43055603  242.14628522  207.37571519
    74.44598287  113.56281863  195.98244269  170.6363412   171.61406563]
 [ 190.4756195   254.41097097  226.035414     89.95596372  163.00514764
   303.71496057  334.35082012  298.3126589    69.36262788  172.25950624]
 [  14.62527905  126.08364855   96.05295718  224.45747395  163.40852353
   117.3439442   132.98659578  225.35265191  135.09604381  174.94473891]
 [ 276.52063875  305.6717809   329.32238552   77.72357758  268.4440844
   374.36001639  422.27023027  314.96793242  170.23118147  191.10303385]
 [ 256.15355585  280.10088794  315.08057195   51.91338091  261.93964773
   350.4813774   401.40045525  288.47776193  156.71880332  164.59651185]
 [ 168.19847983   93.92061447  272.97850701  163.27316787  299.67451054
   184.18729761  269.04990766   79.68952716  197.33728002   49.08782418]
 [ 206.48981638  201.39928926  288.64266142   43.65560725  266.78878383
   280.22793665  344.47965427  201.15766279  148.91338517   79.63255524]
 [ 187.67493731  202.44586238  262.04554741   25.81827267  233.77490216
   273.97891881  330.23858452  218.81480745  116.27305227   91.08923216]
 [ 136.93930244  209.25946344  179.00431847  106.5154252   136.64967981
   251.89000617  280.82505473  266.18883478   20.64096478  148.12705288]
 [ 143.38061997  261.36139895   42.15840824  294.95996741   87.21304948
   232.2590316   187.95438962  359.95255928  169.38998224  289.78457764]
 [ 155.19231781   90.48202232  259.44475768  154.21167167  284.7608118
   179.23322018  261.18541879   92.37481378  182.68317337   39.95218486]
 [ 144.67167987  116.51672644  201.0142187   327.43682347  295.47723895
    28.07260426   83.83256021  203.51799108  267.88163594  236.33820551]
 [  58.29857689  156.31771334  115.97214883  166.46311048  128.05077056
   178.57785015  200.82192851  237.93336895   66.59747112  149.7172552 ]
 [ 171.72220571  173.5692785   196.00077321  371.56557889  300.73824974
    82.89044507   46.99899921  262.82815988  296.0478385   288.82542035]
 [  89.40145488  160.96456893  153.71498201  127.36451736  146.02421684
   201.13155359  235.13695427  227.84399216   46.9524547   123.39741789]
 [ 193.3835163   170.41583333  284.59548578   78.51722151  276.99207119
   253.46013853  324.21288617  164.13003627  160.27427951   46.18009897]
 [ 172.36441748  283.41550855  135.73079874  217.73496801   33.2168988
   292.04381756  281.45304053  362.54783381   99.98808235  257.69280167]
 [ 157.650995    242.43803693  177.179249    131.0759337   112.66137744
   277.46624909  295.87694862  303.25017288   34.91069993  185.39330384]
 [ 124.91664252  241.43785098   20.59604389  288.86363891   99.18819078
   210.34745536  167.44279124  341.1323728   165.62689068  275.95260282]
 [ 206.52747512  139.2847654   309.02128388  149.39709734  323.67432992
   229.72949156  314.26593378   98.19186949  213.21230017   54.38123422]
 [ 170.66394385  270.21544071  161.88018219  175.0505264    75.52533401
   292.8195527   296.81191827  339.74285167   68.0573869   226.60431137]
 [ 225.69487084  129.22468235  331.34131869  206.65177672  361.70892674
   216.96750607  309.28309571   48.02690948  258.1297347   101.86368756]
 [ 204.33176944  158.78215428  301.91932246  113.31089891  304.48159904
   246.7823079   325.03366178  134.12898931  189.8592381    43.41737488]
 [ 179.6167551    74.36710029  268.96417446  299.24520619  343.27745335
    89.07659833  182.61294372  112.56086077  280.68223547  189.48545214]
 [ 162.22381845  225.21933094  128.03464548  371.68917776  236.45534825
   148.24914173   56.26585242  327.15577061  269.08373028  315.47639257]
 [ 204.42570256  155.99824203  302.79095352  118.08313329  306.98903406
   244.44163551  323.56782933  129.39454369  192.84515573   43.42634747]
 [  67.85289161  168.60308112   59.65847906  272.05175502  157.26923666
   130.55917407  104.21526756  271.60185673  168.05817611  228.71168961]
 [ 195.42078455  197.51578953  275.45873013   36.34069913  252.46688499
   273.67642412  335.12137924  204.68222418  134.59533467   79.32487369]
 [ 117.24386582  235.42822784   71.96494746  228.4537975    47.31612118
   231.33439827  215.38176896  324.78991611  101.84363138  237.03034381]
 [ 179.63871728  210.06497643  245.70456742   33.554199    210.42785842
   275.23123929  324.60842015  236.88306529   94.1082174   108.67320451]
 [ 133.01956878   98.78128282  234.22503727  131.16604723  252.75549075
   179.93579532  253.1833563   124.89250927  149.17788824   30.10169762]
 [ 177.99298443  167.06888577  210.35025991  372.73516307  313.49303658
    77.24256394   64.31291577  251.9284475   302.80246894  285.68307223]
 [ 199.41715905  129.81614847  302.57466293  153.11662243  319.98535391
   220.30934004  305.24164432   91.25558846  211.02399233   51.85529326]
 [ 129.06026744  171.63463419  199.52966466   82.19798328  180.34268488
   228.63629225  274.24110876  217.69170178   64.06689303   97.1714228 ]
 [ 175.67298771  221.28576247  231.37679604   54.23281015  187.6109261
   279.61775115  321.5558753   257.10960563   74.47130986  129.87507268]
 [ 239.53875809  122.18171207  342.93107664  271.7995475   392.88344555
   191.52236718  287.49372098   31.24380393  301.87516002  159.50014804]
 [ 124.49054798  243.70579914   66.30306454  241.17287994   44.89981588
   235.32181616  213.99995444  334.73316323  114.4727081   249.09108379]
 [  47.80572654  145.34987173  116.25934003  170.64154303  137.34075227
   167.15199544  192.00885263  228.91808525   77.15458087  145.56876028]
 [ 224.12991879  104.15572834  324.37769097  285.07852798  382.86025387
   161.70553462  257.29798456   51.45681703  300.01973054  170.66342409]
 [  99.07090473   40.66246196  204.64950452  189.36966546  250.44854987
   116.2573247   194.09134621  118.07457529  169.58449715   92.44775197]
 [ 234.92833361  246.71778083  304.42580927   25.32863211  264.38819818
   321.09107446  378.06999806  250.46010559  150.99019961  128.01348418]
 [  26.38402599  123.29861691  118.21968494  184.18340535  157.10419051
   142.03272619  172.20547754  212.25956602  101.57927202  142.18520162]
 [ 202.52050137  202.25101675  218.96224333  403.13615001  325.73819179
   111.8900496    67.25039124  287.32671542  326.4209836   319.44396127]
 [ 120.90205501  240.88332644   49.27150232  254.23448728   59.7593072
   226.05957545  199.15202518  334.91673466  128.27832756  255.25540662]
 [  86.81961788  196.6809781    29.33632551  277.61114249  133.38796884
   161.15217336  125.22778637  298.58116942  164.27223222  246.29128033]
 [ 135.34492451  254.15458064   76.14023878  242.79139056   33.50574816
   246.9617403   225.11639873  344.0913646   115.95466263  255.73615132]
 [ 109.67686447  207.36476275  129.73709275  156.41201594   93.38002371
   231.40198447  244.76755428  281.31041744   30.17959027  176.85367936]
 [ 101.12990114  211.65226676   98.54661519  188.57318219   71.89192052
   222.40962451  223.81217304  294.35738637   62.80424923  199.30994989]
 [ 184.32295864  272.8227077   190.70049508  148.27849943  109.23291094
   305.37672884  318.48368007  333.30258976   64.98077043  213.80035562]
 [  27.629518     96.13461592  125.35306114  220.94293208  191.0115029
    96.10693295  133.29573648  196.43842666  147.82845707  156.99296593]
 [ 120.79967752   34.02115101  226.14770682  195.95264764  272.20035905
   121.88122095  206.37318519   96.00894902  188.14549829   90.28127086]
 [ 143.88349803  170.53893122  158.18943907  350.16371385  263.76964738
    84.74578433   12.24126373  267.89395825  266.04300546  276.31303893]
 [ 192.30495646  307.55331819  136.82085525  250.65659073   29.76979691
   308.24397864  287.56438857  390.64118525  132.5913573   289.13203538]
 [ 168.84153     288.79627878   80.12029728  289.93786828   57.10932004
   268.73057913  229.75434515  383.30360071  163.2213057   301.17086972]
 [ 115.71743511  229.34554605   12.17518187  291.35138109  114.9538943
   194.09937419  149.45854912  330.40470914  170.89692765  271.21656493]
 [  49.20913958  112.25535681  114.95864001  254.62066707  198.27472558
    80.35180439   99.39508895  216.11334567  173.88025296  189.82315717]
 [ 153.29100037  264.39425987   49.66142802  326.27490935  127.89720551
   221.48505225  162.47244746  366.51612231  203.188436    309.34403859]
 [ 154.43666978   57.75792929  260.07033112  196.28311838  301.19800195
   148.28145941  237.28002424   64.78556334  209.45085569   82.74266786]
 [ 178.88647336  204.60626904  248.1903294    31.69804622  216.20108001
   271.61992924  323.20313924  229.12736831   99.12463557  100.86010558]
 [ 137.51827661  136.97447988  228.29121362   91.36427213  228.3305832
   210.03863356  272.83067085  165.87518547  116.32922941   43.03796312]
 [  33.88286526  131.87375005   90.00018915  243.9815938   169.89593483
   108.73917358  114.22864758  233.90296237  152.54710536  191.83770159]
 [ 123.34340916  227.39609236  123.59903504  173.81261277   71.07541551
   245.45083605  250.59724008  303.85287935   47.53412591  200.01920908]
 [ 243.32336209  132.99952169  348.6236105   247.9771306   389.21491449
   212.27180007  307.62499617   29.14364078  291.17180475  139.82117932]
 [ 188.65960116   69.99561664  291.10784377  249.98642856  345.22953012
   142.68718922  238.29269092   41.4660811   260.95058678  135.59034241]
 [ 198.090259     92.13318099  303.59373616  217.60719218  344.04699384
   177.77205028  271.12118362   24.33117494  248.36436147  104.33147502]
 [ 209.80998232  189.3476811   298.39683531   70.02005306  284.93429653
   272.44869118  342.46496517  178.65581383  167.2310206    65.05559068]
 [ 171.49089408  160.79868246  260.6401735    72.09723205  252.85900928
   239.49744159  305.8222647   169.83317588  136.67036337   42.4225662 ]
 [ 183.01477831  141.25853002  281.12509569  111.72678597  286.88838191
   227.82457352  304.45439499  129.56283922  174.0384417    22.0612106 ]
 [ 198.68699688  133.82309927  301.04878859  145.37873893  315.89547805
   224.00482373  307.65496929   99.09062259  205.84646666   46.77695035]
 [ 203.79526823  190.3169951   290.08727681   59.15129142  274.04246743
   271.39501095  338.8342197   185.8578055   156.20603329   66.85315059]
 [ 161.53416029  115.58938031  222.96695754  335.03995225  315.7760006
    39.57540291  104.06965532  193.46718755  282.81288921  238.78605611]
 [ 163.63884408  277.22504703  121.21603071  224.87154847   19.29796149
   281.84274467  268.13211744  359.32047492  103.20115416  258.22538492]
 [  25.66281256  134.16242974  106.4040105   190.07733277  146.12518323
   146.83718805  169.75726004  224.4598322    99.18582218  153.53781894]
 [ 217.35022241  226.65052144  221.56928046  421.85953316  329.8906235
   135.98093137   73.9334186   313.47439833  339.5077026   341.78068522]
 [   7.83741309  127.59578955   98.0080772   213.27519627  157.09407348
   126.44685389  144.85153936  224.41070142  123.44839268  167.45576427]
 [ 153.56278665  263.11597172  127.14637118  202.33225218   40.12419283
   274.2338625   268.30660086  341.76752723   81.07568605  237.59344626]
 [ 156.5494426   183.97056854  164.13418503  363.64917571  271.09606253
    96.99351811   12.51652333  280.43389169  277.76731471  290.33189163]
 [ 219.31738303  152.86353409  321.1927574   149.24965752  332.99488298
   243.38371944  328.08074427  105.88879384  220.94573176   63.86549241]
 [ 163.41202886  246.49061629  183.4743416   128.08506267  117.17336281
   282.86707522  302.08826842  305.58224755   39.77371436  186.45405831]
 [  84.69029676  105.12013614  181.35323772  137.0239363   200.76627968
   163.34127893  219.85481381  167.69807373  106.57847819   78.45058386]
 [ 159.38804154  278.21584492   60.64449627  300.50601742   79.5876081
   250.8443311   205.89711755  375.80853037  173.89805043  301.67735071]
 [ 245.71812702  277.72955527  299.98376268   52.38499656  243.63582054
   344.49680118  391.47908442  293.14953504  141.02205765  166.84213509]
 [  21.9771688   132.48026218   89.04874707  230.63349358  160.35177172
   118.94099853  128.67236229  232.45237848  138.13057463  182.72296094]
 [  44.35654608  116.06263518  137.96258255  166.47934197  167.95092514
   148.35893728  187.95997041  198.41945195   96.5317628   121.9637754 ]
 [ 116.60880596  182.38215559  104.97174389  326.71765409  212.3393527
   113.80539154   46.82765275  285.69011789  228.92152019  268.88524254]
 [ 204.40934594  208.61954341  282.1225385    27.80517488  255.13496977
   284.48730373  345.01124232  214.50170971  137.66954924   90.03815846]
 [  74.55062162  193.84835607   59.30030298  219.98555819   90.43601816
   188.60468239  180.38514688  286.37122028  100.7923168   208.66062248]
 [  78.52104308  173.33610765   63.53554911  284.26909573  165.78183909
   128.5462612    93.75317222  276.99919909  180.51050824  238.76010769]
 [ 178.02418345  291.77588302  131.16335633  233.70053503   22.96360782
   295.76680014  279.85661196  373.51920426  114.64745487  271.18054393]
 [ 104.20301647   45.47132314  209.94154311  183.1313885   252.59584284
   124.13710637  202.21627231  114.36793915  168.40222751   84.50233154]
 [  97.75116102  194.60281448  126.38103785  155.25529953  101.73236385
   219.14004483  235.05181413  269.59793804   33.4132382   167.67207935]
 [ 126.19198443   82.70119916  198.86070986  296.69156773  284.98174496
    11.19330086  106.95539786  173.05470352  245.2409981   202.98651262]
 [ 132.30287624  247.42853537   95.48915202  217.22968928   33.53879412
   250.03525199  238.32801009  332.44528063   90.77757411  237.17042469]
 [  52.17304489  140.30242927   87.13834301  262.29262694  176.98840364
   104.21523359   97.22706975  243.76509375  168.99687306  208.44727922]
 [  46.0714953   113.25766771  112.69916911  252.17782559  195.13291585
    83.5019769   101.86373235  216.93929125  170.66268126  188.57888253]
 [ 160.30055971  120.81054128  259.80714564  118.62287547  271.06505302
   205.66722565  281.08830681  124.34503204  161.60105397    4.11731535]
 [ 149.91079086  269.23550077   80.75897024  256.82422915   30.19666795
   258.97230789  232.05445665  360.00630874  130.2350701   271.97863186]
 [  91.34517182   98.7698812   154.78542867  283.34719848  243.71805876
    35.61080402   82.44962031  200.3228797   215.3467989   202.95186609]
 [ 146.2610269   170.94031645  223.1726568    64.79797658  205.483276
   236.37916257  289.28593305  204.63415104   88.39885042   78.97596859]
 [ 116.12638803  235.72478227   57.65110034  241.68318041   54.79664945
   225.71789078  204.2564921   327.90222304  115.5825839   245.04120226]
 [ 238.43163612  139.45865111  344.131441    216.96462528  375.03116621
   225.84505398  319.0467109    49.71759803  271.20470607  114.31620453]
 [ 141.36148974  141.87887641  230.97681808   86.40587114  228.76720954
   215.00402748  277.39705747  169.12099233  115.68553195   44.55872659]
 [ 130.80802254   12.02642475  230.80458395  237.66873336  291.80574301
    90.14119061  182.50141095   98.096635    219.84861945  131.51051719]
 [  75.82240198   51.26641674  171.57470399  233.50827982  239.44683222
    66.02549558  138.28852501  155.18447942  184.31472437  146.95255542]
 [ 171.92831862  119.90643743  273.23625772  130.68345877  287.4921426
   207.71228126  287.00367109  110.41255289  178.5792221    19.88984555]
 [ 134.26382633   66.00175795  239.6489062   168.44625322  273.11702293
   153.52648961  235.24070823   94.35681096  178.16094932   58.81292882]
 [  99.82079629   27.02211295  204.11568648  204.91760229  256.45618223
   101.71925535  182.65778606  117.30601234  180.95369832  106.99662576]
 [ 152.20047578  268.79402522  100.83901613  235.2929427    11.49640509
   267.55254778  249.3114037   354.83923644  110.13718497  259.449915  ]
 [ 216.16330042  151.3203115   317.82558762  146.0597693   329.2316658
   241.72774843  325.89305876  107.14311308  217.13962667   60.16803578]
 [ 221.7746127   240.96851971  288.29753957   12.82151182  246.77429529
   312.22526922  365.97677424  252.05624206  133.7858308   126.43907563]
 [  46.1725824   161.23699263   87.31629125  196.16504644  119.22008282
   167.50869074  177.30385539  251.27536813   89.38375521  174.14944569]
 [ 213.67519211  100.32763477  318.3044801   242.23717113  364.03125984
   178.97072735  274.22562818    4.71649596  271.2063173   129.11632525]
 [ 240.08823032  127.41593173  344.99774526  253.55747992  388.36870397
   204.47748536  300.09805458   23.61295406  292.39797733  143.68297074]
 [ 264.16132743  285.59680007  323.96226945   57.81305306  270.8481139
   357.15997519  409.21420905  291.06106066  165.68616322  168.54281451]
 [ 148.62410851  202.14026106  204.80787593   76.03900913  168.3245213
   255.41767054  294.47167036  247.6930661    51.23381329  124.27723789]
 [ 164.71522553   99.43018181  268.60902275  151.64901188  291.6013934
   188.72784891  271.2386455    91.33256213  187.47110247   37.35715014]
 [  57.28462257  132.89341668  138.65492394  153.60495429  155.94172051
   167.05712091  202.98998867  210.26017149   77.72371627  122.78424353]
 [ 163.1615482   185.72177967  172.52898372  369.35366103  279.44648261
    97.31812824   20.85458521  280.68574662  285.01190314  294.20771526]
 [ 119.61858796  238.47554628   27.17348827  273.00549012   82.90220205
   214.34687023  178.92350232  336.10515168  148.72769919  265.06899879]
 [  84.06331645  184.50262935  116.17376988  163.45160251  104.43502156
   205.79775175  221.00955049  263.04129915   46.33509312  166.31865047]
 [ 143.1939809    43.67081114  234.78986644  271.85895293  306.82433465
    66.83220878  162.74735034  117.22364962  245.37733068  166.70032708]
 [ 248.28920466  248.67840452  322.99688271   45.70910965  287.3419416
   327.21403686  389.10865374  242.15228393  172.49046802  126.01680416]
 [  85.2609787    81.26693249  160.88593325  268.54460186  243.75787344
    36.97662079  100.53811381  183.75783577  206.63053362  185.48801061]
 [  33.78405113  102.87699157  136.22534118  181.85232776  177.93984628
   130.26730877  172.16441593  191.27900352  114.06305308  127.27271947]
 [  93.02873509  103.98544789  152.68982865  287.26552089  243.23615212
    37.56857522   77.25223877  205.39206438  217.45003989  207.80558712]
 [ 158.05995749   55.97895487  248.3899665   283.5243092   321.71647446
    73.81521852  169.39669814  114.90233269  260.10298172  176.28473539]
 [ 216.44424474  334.17806791  146.403831    284.37594201   54.44978431
   327.88776077  298.00847927  420.41056997  166.25530922  321.81416697]
 [ 101.91846213  181.98072231  150.84078405  128.55261538  129.24070145
   218.33257819  245.84030056  248.89617286   26.04330419  141.06189279]
 [  60.38438035  108.37619266  124.21650641  262.85923507  209.96702755
    68.76508005   91.79483025  212.50265211  185.2048651   193.73951086]
 [ 215.91542237  334.20845839  142.94665154  289.0759838    55.7327143
   326.03294879  294.29584403  421.50486672  169.81745034  324.41577804]
 [  66.28827301  133.4562983   147.83091821  144.1780211   160.57730307
   172.68873474  211.63554886  206.67286927   74.88545765  114.75692064]
 [ 186.30526395  302.26946576  129.08764871  251.272227     22.89664212
   301.51068976  279.94186338  386.46988935  131.33064957  286.63076073]
 [ 245.93796374  127.23353335  348.42092335  283.95810512  401.05377426
   191.77838133  287.60746031   43.1227202   311.88099173  171.33841318]
 [  56.95537803   81.56965777  143.27958432  243.06181896  218.40977396
    66.10183746  116.01557889  185.49719558  177.37283205  167.41536618]
 [ 146.75650805  148.62526861  181.01358748  344.76553121  282.64835355
    58.52219772   45.51581899  241.21135456  271.48146235  262.21950388]
 [ 141.07645861   26.44025629  244.46092279  222.01060696  297.58033008
   114.61261974  206.0505209    78.31967572  216.93390381  112.02463668]
 [ 148.07140097  159.84120287  173.64325911  350.02381366  277.33008104
    70.83714832   31.80092959  254.15251149  272.13580772  270.77502622]
 [  28.42897959   98.94276269  122.26902474  225.81117074  190.69543095
    93.96602969  128.31123908  200.0401992   150.83029227  162.22735772]
 [ 273.77113023  159.15766247  378.34155373  281.02278292  422.62380786
   231.11433791  327.08513188   57.31676111  325.83552634  174.37764742]
 [ 195.32278668  232.78224496  253.33423647   36.53328159  207.69456623
   295.61525582  341.07167164  260.13606399   96.2326685   131.86563887]
 [  82.75484448  189.967044    102.72239876  177.4538715    93.978881
   204.86938532  213.91267424  272.13121645   57.38728538  179.01612876]
 [ 178.66107838  181.04123765  261.01349889   48.69873352  243.29992607
   256.27732572  317.7179133   193.65736573  125.53603801   66.13437334]
 [ 201.08172544  205.19303663  279.29810428   29.62575797  253.35497438
   280.95477238  341.54334721  211.91309428  135.73651774   86.98733633]
 [ 166.57674107  205.63462887  229.38696589   50.27826162  193.81424185
   266.51596605  312.15750328  240.02489845   77.18653856  112.8963835 ]
 [ 217.80499138  259.14434561  268.8142558    50.04943038  213.27283293
   320.95935666  363.68385996  284.92069697  109.76691328  156.73069567]
 [  67.53085859   52.97766729  168.46154321  217.75022029  229.92554734
    81.90192829  149.76706526  154.0713073   169.72753292  133.80475182]
 [ 142.44901322   88.1802849   214.52253136  308.24079326  301.42264789
    24.42881537  114.2688381   170.72859466  260.59949542  211.22211996]
 [  89.30986316  208.97502366   32.5588046   247.34869684   90.18276957
   191.84027867  169.4747357   305.35268191  126.53322762  234.02706771]
 [  43.16414722  162.75520838   72.90381988  213.420354    121.19844909
   159.4772684   162.05156928  256.8784199   105.91987862  186.95074697]
 [  92.0703935    92.89609319  159.30562967  280.70393036  246.66092028
    31.9921122    87.88318863  194.22455179  215.32963721  198.60482927]
 [  49.82033944  143.34910936  120.90364151  166.57170796  140.4534802
   167.73838349  194.80468138  225.60244623   75.87406578  141.04753944]
 [ 140.90072249   98.54836844  242.82750024  134.43284697  262.13379662
   182.32485175  258.00462105  117.03161363  158.11759151   26.31785742]
 [  92.61445132  150.80474403  166.19850234  118.798612    162.27167261
   197.583773    238.20203793  213.22178122   59.36506634  107.1500462 ]
 [ 193.58432796  223.20963955  185.18945763  402.3036062   293.95720356
   134.49043892   48.3672748   317.58014309  311.94518494  330.59358295]
 [ 108.89646717  188.16004676   84.68080554  317.27839568  192.4885493
   127.19577074   67.25249905  292.19871053  214.66023212  266.1334631 ]
 [ 182.08490308  179.18450417  266.41047379   53.24835449  250.63673851
   256.23518231  319.69417048  187.92891289  132.99283056   61.34643019]
 [  97.47421823  195.65457857  124.06064675  157.83610465   99.37548748
   219.09065976  233.92242173  271.35099789   35.43113941  170.02481835]
 [ 177.5292963   225.72311616  230.69723676   57.95757217  184.39092297
   282.90249252  323.38403317  262.59066307   72.81406505  135.46884166]
 [  79.07193916  105.72927935  175.47614806  140.49166624  196.02002902
   160.80829891  215.37596072  171.60804132  104.11729404   84.3344103 ]
 [ 177.17294476  219.51613577  161.15264686  387.15695655  269.9788407
   134.3978545    39.31727642  317.57959098  292.37590107  320.91057358]
 [ 266.93952235  285.25051999  328.6076879    58.61668898  277.06178572
   358.07937626  411.635763    288.11535764  170.75684065  166.8658627 ]
 [  68.77352692  101.82615117  166.86551658  150.47119681  192.37331414
   152.06433313  204.8703198   173.88703169  106.21254797   93.41233517]
 [ 159.06891053  279.01134995   71.21315091  283.86326949   56.29740819
   259.20321623  221.68655187  373.71012356  157.01204098  292.6039038 ]
 [ 172.805397    192.08779935  247.19228944   38.56967797  221.49941863
   261.22771816  315.80566575  214.98399599  103.62884415   86.71809975]
 [ 108.66795433   17.29619108  207.28928266  235.1953898   271.04829329
    75.12031355  163.07999011  120.84502545  205.13088159  135.71280691]
 [ 237.112369    244.56724348  308.96003896   30.15479974  271.23979928
   320.49808749  379.3907449   245.01222999  156.94812919  124.27299292]
 [  93.26331834  181.86310776   69.80030544  299.94881311  175.91716132
   129.49668332   82.68848346  285.92369753  195.92869759  252.62332646]
 [ 122.67923586  182.18941848  182.42212755   96.77787789  157.20141739
   230.99466535  268.51988557  236.41176443   40.71228642  119.27176055]
 [   5.60511543  125.13914909  101.99340632  208.7375062   158.08895752
   127.42965318  148.68176551  221.04052554  120.58421991  162.68394165]
 [ 255.81033396  137.91497459  358.92051826  285.15626582  409.43161599
   204.25602931  300.12758544   46.39253071  318.05990199  173.88892337]
 [ 134.63471036  216.22611232   88.06346789  340.5182304   196.53733006
   151.55504479   76.64976809  320.17315758  232.88873463  293.48685032]
 [ 156.22416306   49.49866073  248.80185227  276.19898348  319.7140711
    78.84967373  174.77018094  107.55446063  255.43321723  168.34240847]
 [ 213.07328737   93.21752014  312.21211371  284.20564923  373.06579883
   147.50158331  243.03645263   58.56705124  293.17597831  169.72882433]
 [ 174.59447166  292.32842166   71.8172928   319.42786122   94.86434217
   260.28404205  208.89768987  391.16317142  192.77819833  319.67067838]
 [  69.74868483  188.57103811   64.42542552  214.77887171   94.33205805
   185.53904694  180.50880683  280.49433584   96.91721937  202.36281496]
 [ 183.93267801   93.06435344  289.57287925  187.27391923  322.10256985
   183.28745312  272.74673489   54.20309656  222.12595818   74.07812525]
 [ 150.74749993   93.96313852  221.50772133  315.72086328  309.34598015
    31.34808423  116.45567489  172.61913855  268.97479641  217.6266783 ]
 [ 210.15284712  329.29445854  132.24813778  294.40278235   55.53961384
   317.67049368  282.95092983  418.60503834  172.74000336  324.79363328]
 [  69.91368161  189.70548048   44.50912835  235.8423739   103.25184664
   175.87026192  161.61038753  285.91167373  119.43956916  216.48699004]
 [  94.52005011  101.20376752  155.99335271  286.9748474   245.93874855
    34.2238333    79.55945174  202.26736003  218.67505801  206.34479167]
 [  87.08276736  190.27393899  111.88727385  168.55003868   97.3710514
   209.16248793  221.32790438  269.7999749    48.35546975  173.42192131]
 [ 212.46391448  210.84396227  292.1815269    36.07052617  266.54662341
   288.86333807  351.7231435   211.07409078  148.99785771   89.56786237]
 [ 168.88901169  252.12180541  187.10439394  129.64732223  117.77523714
   288.48786894  307.13364197  310.68145874   45.45717186  190.96677477]
 [ 119.83930423   10.86332186  222.85961189  218.05446486  277.88985362
   100.69873046  188.6898269    99.75313616  201.68455127  113.46623862]
 [ 144.18063236  112.6016106   202.84588502  324.88005205  296.34025053
    25.38028719   88.01114606  199.04061748  266.90472664  232.93946437]
 [ 216.19025682  129.11438092  321.25537233  185.51737753  346.4146868
   219.04168914  308.91528724   64.52667315  240.43663668   82.48863821]
 [  30.29868542  144.8400003    95.30306459  196.16671807  135.79152231
   152.35674976  168.37889506  236.16700463   98.18379086  164.48415367]
 [  87.67278527   34.82755275  186.74727915  227.54267957  250.34766376
    73.74656351  153.05115772  138.44410341  187.99105688  135.33178917]
 [ 172.43845578  142.65107934  268.13197137   98.52351848  270.48798034
   226.21162682  298.94326439  142.5418153   156.97979481   18.46321864]
 [ 214.4200987   166.27805603  312.09683352  117.32638336  313.9339401
   254.93765713  334.19776245  135.50635697  198.84373517   53.43366633]
 [ 176.35665631   68.22420902  267.53841575  292.0613733   339.92316486
    90.91202628  185.51272682  105.94182753  275.31479572  182.00863542]
 [  39.43134904  133.28490787   89.78181493  249.60766401  172.88260291
   106.01774962  108.60287478  235.90677422  158.01729044  196.43218491]
 [ 222.55129358  170.68194595  320.80323369  124.27248977  323.19202622
   260.00449025  340.57352963  133.93731776  208.05731438   61.56208779]
 [ 203.57265516  135.8338573   306.264574    150.11392471  321.7813336
   226.27397198  310.85042298   96.07217965  211.80505614   52.72717596]
 [  19.96178498  136.38370166   97.47146376  201.01318013  144.99811208
   142.00490612  160.08711655  229.59020036  107.30371059  163.16810031]
 [ 188.37334289  202.40227451  196.45471786  393.27410486  304.05776641
   112.01366961   46.02548811  293.13928034  310.67908048  314.99435521]
 [ 172.89000673  292.29445602   97.68468664  272.38167211   32.34562115
   280.5613567   249.37657532  382.89009431  146.97412683  293.10154451]
 [  70.80934979   91.33070913  143.94952111  262.87887729  227.11196739
    52.0810966    97.23353853  195.17807509  194.20026984  186.05838305]
 [ 166.69508276  162.22402968  197.88316404  363.58316802  300.97632844
    71.5945481    53.32281388  250.52844792  291.42860751  278.77790985]
 [  94.4723054    68.10317766  175.56904818  266.83427448  255.63789403
    32.8847781   112.15846207  169.23372761  212.31198816  178.60073197]
 [ 149.05096416   36.43850935  244.92421114  261.91049693  311.85634655
    84.52986955  180.20594882   99.09519815  243.88939172  153.87736915]
 [ 109.8463311    91.01448613  211.14209897  137.76909558  233.29927115
   164.81213947  233.31031591  137.3233232   134.86225036   51.82547261]
 [ 117.23108438  137.00909866  152.85159618  319.23340246  252.64097682
    55.22116906   43.19026525  236.00997651  241.63134625  242.52492996]
 [   7.82085849  113.45639425  110.37788473  213.65164338  171.2506502
   114.50681324  141.24958308  211.23452775  131.55664212  160.15286041]
 [ 110.58417211  177.53235476  102.17253514  320.71428155  208.85452331
   110.89010562   49.77142784  281.04164742  223.389434    262.99667548]
 [  11.43893887  131.31309405   94.72178234  213.66065621  153.50282157
   129.4455591   145.69030109  227.9644456   121.82297354  169.76118821]
 [ 152.35869275   86.52420249  256.85944623  156.78829628  283.53197201
   175.25254201  257.34554265   91.47597311  182.48508973   42.87387504]
 [ 174.67711849  169.30719436  203.7754      371.71371461  307.58299504
    78.84341309   56.56500802  256.24305189  299.36930811  286.51378941]
 [ 177.87128198  284.1032139   152.62074714  201.1554484    54.47955055
   299.26517818  294.81093051  358.54143085   89.74617729  248.93094865]
 [ 165.6501813   154.7524152   202.16594247  359.53410355  303.89027336
    64.50862596   61.2362924   241.55185687  290.46897911  272.70764815]
 [ 261.53373905  147.66706966  366.26401911  270.2868815   410.02590218
   221.58827387  317.50360816   44.96952812  313.36669296  162.59836554]
 [ 106.10958301  166.57516017  109.47217218  316.27204019  214.45113241
    98.86063474   45.26787535  269.81798948  222.62644045  255.05698194]
 [ 210.65855125   92.74323405  313.65576718  257.78062883  365.61709254
   164.05954496  259.92749795   26.12780764  277.92464676  143.55052738]
 [ 189.064587    160.68587642  282.62106746   88.80608875  279.30535327
   244.79149117  317.3148544   153.18001915  163.58700616   36.4543153 ]
 [  34.65962528   89.86893518  131.36851216  223.30444705  198.08992439
    90.01784234  131.71118498  190.94209841  153.46537379  155.80676166]
 [  87.89291378  106.55802363  184.1224223   134.06643759  202.15919055
   166.07020632  223.08244909  167.08398479  106.43565213   75.66630274]
 [  55.62647141  169.19013591   52.02007647  250.23168167  136.10324447
   144.80102661  129.23005636  269.6180538   142.93496249  214.94747341]
 [ 205.43372279  171.72480741  299.30867484   93.36504452  294.75425894
   257.62382872  332.13898611  154.24856507  178.37268849   49.25110643]
 [  33.30770986  135.50119089  112.05193471  181.62089206  145.10739689
   152.97119523  178.18133136  223.12820405   91.70806251  147.76618277]
 [ 264.61653967  150.92125019  369.39890171  271.5516191   412.79108783
   224.87337528  320.79291855   48.04325423  315.74620133  164.4138728 ]
 [ 221.9934223   237.01749595  219.85325812  428.27557074  328.55861311
   146.36893762   76.62991652  325.3436749   342.82773676  350.55895503]
 [ 201.98650623  120.96128643  306.65131771  172.33689884  330.2772325
   211.56481388  299.47887293   71.72148138  224.18542605   66.59233162]
 [ 197.15876927  118.48738737  301.65657481  167.99561042  324.7454653
   209.16668594  296.32235547   74.78163957  218.6267206    61.21516544]
 [ 145.11701679  253.11024349  126.09395435  192.9942495    48.77623238
   266.4158189   263.75846505  330.92251839   70.42162895  226.51358695]
 [  31.44639382  148.45150371   89.48873711  201.26295067  132.83757111
   152.65483412  165.30761826  240.84932468  100.92640506  170.30117404]
 [ 181.30512856  236.59237112  227.40327816   70.58237385  174.51542621
   290.35689946  326.70192134  276.76669879   68.31460744  150.14554512]
 [ 110.55354223  167.19118277  177.40307742  103.38930425  161.70944578
   216.45265933  256.3829161   223.61812945   49.61461415  109.95920377]
 [ 126.08499026  148.10542881  209.52046257   87.62957764  203.27218971
   212.72449001  267.31094083  188.61986621   90.45044305   68.84968239]
 [ 150.2570718   262.86796637  115.60469042  213.56761878   28.21022683
   269.46414657  259.35217813  344.52253707   90.05679486  243.80241006]
 [ 118.20944647  106.04457507  176.73145377  305.91680084  269.22270158
    19.03772816   77.25117641  201.61159934  241.9303233   219.84330851]
 [ 204.48019427  222.27050686  274.39346595    6.08024156  238.79129816
   293.43037113  348.09716778  236.16967058  123.15816586  109.34113702]
 [  63.72524721   67.08092719  169.466434    185.04912409  215.26139261
   114.77401926  177.06447452  154.28271594  142.21908158  107.30529842]
 [ 181.04792171  216.00491178  243.68124675   37.15404075  204.91764011
   279.3422766   326.49742882  244.92624191   89.73541258  116.80892432]
 [ 119.67988814  202.0732      157.08248398  126.59599949  120.22267415
   237.75639906  261.69128801  266.82059524    5.81536408  154.82986531]
 [ 118.46370572  236.67982874   21.81804821  276.44572461   88.90062848
   210.50338122  173.41891176  335.03710932  152.78804696  266.1659382 ]
 [ 141.77534621  244.91860279   53.23701263  330.51235162  152.55884573
   194.32873708  130.13684928  348.44612808  212.13001037  301.97611413]
 [ 107.9237749   204.09881582   55.10065191  308.69679135  163.86563547
   152.96687036   98.23107441  307.97024146  198.33912472  268.85448189]
 [ 221.41447048  253.4008188   279.12322936   33.12169599  229.07006965
   319.50287445  367.03809997  272.65158351  121.07679648  145.17256415]
 [ 200.81421208  176.57415257  291.75108077   78.32136758  282.86031934
   260.23436153  331.4999839   166.69569957  165.79441478   52.28823399]
 [ 170.2960433    50.37581527  270.29154232  255.41503983  330.34344212
   116.01301049  211.72187267   68.00868217  253.09781626  142.8216724 ]
 [ 118.30380558   75.75521614  222.38686519  152.74539055  250.9883399
   156.25845183  231.23743627  117.48014061  154.98165143   52.73465264]
 [ 226.21305993  230.96848025  300.87929973   26.5586484   267.59793431
   307.45535934  367.59891297  231.91465552  151.68860246  110.56248294]
 [ 182.43869024  265.36889447  197.34501679  132.81270486  121.85305277
   302.17947164  319.99064563  322.27024193   59.1444615   201.08460304]
 [ 162.1069325   260.75143485  157.71977981  168.96343557   77.35577648
   284.24108285  290.06575618  330.26078619   58.77942907  217.61905973]
 [ 103.16742619  182.78934044  151.93022678  127.52034239  129.54150465
   219.4744647   247.11685182  249.28243885   25.14484337  140.97977708]
 [ 167.82020269  286.86495843   96.97257175  264.44520843   24.96939743
   277.21645612  248.68601952  376.62113226  139.05885919  285.7439146 ]
 [ 197.27223188  212.81130217  269.65703704   15.37759455  237.74638565
   284.49972083  340.27982257  227.11696957  121.01178894   99.99483527]
 [ 124.27040755  244.21077333   45.33926818  261.63133291   63.66693712
   226.63299494  196.51016856  339.22874125  135.75289843  261.38805795]
 [ 171.10787974  170.81675194  255.89065533   58.68167133  242.37008681
   246.44846611  308.96189435  184.83731522  125.17144863   56.82833099]]
