66.6998 7.2058
171.3909 268.2256
155.4753 179.6080
4.7289 180.3275
348.4685 314.7942
270.0869 40.2323
330.7445 317.1471
61.0820 233.9636
7.5789 43.1928
117.0559 58.4276
280.8224 302.7619
127.5111 117.9556
41.3147 31.0627
263.7086 221.8311
20.5993 177.5250
148.6203 313.7522
265.6042 222.7637
204.3820 351.1679
365.0691 125.0800
88.7536 294.6812
23.5640 134.9078
25.9084 118.1661
26.0416 107.3976
292.3374 334.9981
293.2699 207.8729
227.9268 133.7489
62.4624 161.4091
271.1454 23.2684
7.6712 285.1028
110.9822 259.4308
271.8271 345.1747
148.1215 132.6220
298.4297 282.8617
241.4675 300.0576
237.6195 354.2543
123.5335 273.1535
351.4383 123.7147
226.3038 135.2980
170.7699 27.7507
7.1570 281.0703
167.5209 230.4486
273.7821 154.9055
136.0185 62.5407
293.7328 308.2238
271.6588 323.8590
239.7809 257.5445
71.4167 284.0239
123.6107 162.0449
117.9820 210.2672
243.7162 212.9567
117.7293 80.6612
312.6273 111.8009
162.1416 33.8234
111.3623 31.7071
127.1739 262.4414
360.3683 231.3332
99.6423 242.9823
231.9892 305.4913
197.4668 337.1150
153.7364 105.8365
192.0329 341.3066
267.8472 182.7478
184.0737 240.0272
165.6753 203.7366
359.3348 344.9931
311.0536 47.0079
205.9128 135.5781
337.3643 116.0613
344.3834 88.1881
155.5446 355.1862
220.3301 344.8950
199.3746 84.3736
263.7963 192.9822
187.0251 50.4993
53.6202 343.9539
353.7416 357.3944
132.3820 16.9720
204.9531 272.4345
239.7772 19.5852
86.1666 261.1772
20.3814 313.2039
365.9600 91.6859
20.0227 362.4865
283.8700 168.0532
176.9550 338.7361
131.6571 19.6765
227.1690 115.6416
252.1768 350.7415
133.4146 91.3893
19.5922 307.7142
29.0005 352.3049
261.2746 337.2672
301.3431 70.5670
65.0843 355.7135
107.6841 292.5270
63.1924 110.6634
249.1914 91.9153
278.1909 325.3247
118.5378 110.5219
10.2611 156.3842
24.2152 212.6227
254.5364 210.2732
223.3788 221.8705
333.9795 196.4809
318.7153 130.2295
52.0316 82.0945
293.5144 84.9830
285.8390 334.0496
201.4233 52.9924
230.6937 140.4140
336.1257 82.7462
86.6867 178.4736
182.6151 69.4733
138.5042 247.2233
174.0924 22.0963
153.6638 153.8495
165.6138 8.8207
101.3772 351.6522
326.7125 348.0623
280.7893 160.5771
346.8765 111.2446
219.4899 217.3507
163.0790 92.6362
122.2784 237.8801
105.0880 128.0924
131.0180 120.1782
306.5562 201.9406
6.7969 274.3841
185.8028 288.1905
182.9885 115.0100
310.5367 64.1377
102.9623 179.1347
318.1523 42.6284
125.3147 196.9289
250.9893 38.9218
279.4549 206.0608
191.3434 140.9221
116.4194 329.4867
367.6973 64.8295
78.2554 246.8026
282.8883 304.4973
111.9048 77.3671
26.8506 139.2429
208.1194 322.8440
12.2264 33.1725
241.6637 248.3888
45.9287 35.6553
10.3512 240.0316
103.5470 89.1674
245.8831 44.7702
198.4729 33.6422
24.3273 247.3573
292.8974 171.0983
148.7940 259.5731
28.1353 102.9647
334.9489 351.1136
14.2066 1.1337
284.1171 167.1950
282.0993 237.9037
165.7476 262.6930
223.6751 5.8149
172.4646 326.3417
288.7052 242.3234
229.9841 302.1466
107.7967 145.8189
233.3428 303.7536
118.9138 62.3369
100.7348 162.4213
36.4313 232.4841
331.6976 126.6132
353.8602 155.2624
198.2252 361.3904
262.7124 187.0384
279.1865 175.1237
266.9824 82.2692
28.4514 221.6882
193.7631 170.4539
43.4666 345.7813
41.3432 357.9620
117.7041 104.2771
347.7960 355.4197
259.2447 353.4370
64.7419 316.9574
228.7335 109.3569
220.6801 40.4378
293.0362 237.4946
39.6051 81.2738
107.9443 175.2747
85.3317 110.0971
204.0486 54.3847
278.7282 166.7103
150.6276 212.1875
58.3432 329.8647
42.6090 202.4339
357.0297 51.5008
258.5598 360.8224
368.4565 128.6628
231.5324 348.6791
231.0790 322.9433
258.1029 13.6532
127.8453 330.7161
173.4562 160.5689
112.8205 59.1025
247.4831 146.2762
326.3792 15.9804
323.5093 34.1766
304.7017 169.4693
273.8647 166.8285
58.6582 350.8302
237.7169 79.4823
220.7103 77.5629
148.7167 220.2332
225.7992 39.9369
71.2498 169.5517
190.9783 317.1804
213.3908 300.2618
136.7917 69.4585
103.4859 9.2406
134.7285 235.1351
311.5297 86.8735
261.1337 278.4026
255.7510 356.4501
214.5566 164.1157
198.6155 1.7619
2.4874 182.6323
139.3394 49.9430
131.0863 237.3382
193.4306 146.6705
284.9164 19.7410
327.8719 251.2790
155.2102 255.9407
347.5199 242.2904
247.2871 259.7759
338.8023 329.0505
103.3643 8.2985
102.7916 134.6899
91.5581 169.2022
347.0554 70.0609
141.1549 308.2254
48.4931 130.3798
203.8303 284.6643
318.8817 94.7126
352.3696 160.8953
48.4592 58.8221
161.8260 300.3793
25.5242 80.4770
296.6436 304.6452
74.0093 20.8044
241.9923 293.7587
18.4143 193.3655
52.4760 222.3194
41.6034 48.7604
200.0036 350.3883
10.5840 36.7781
74.7250 301.4364
88.9057 100.6481
158.8661 317.0188
103.6991 174.5365
175.7371 184.8471
164.9671 297.8835
73.9615 186.6260
48.4795 322.3965
157.2348 369.2736
245.4136 75.5085
342.1919 108.6302
236.2082 283.1199
38.2187 68.1276
157.8711 132.6723
116.8770 99.9758
133.4087 363.1829
169.6272 169.4137
92.6872 70.1813
95.2512 327.6898
327.9093 63.1769
146.7494 214.7612
204.7908 74.5233
22.8398 294.7542
48.0380 147.0772
282.0467 253.5615
151.0889 295.7429
367.5044 177.5830
327.4378 192.7297
143.6603 366.1245
285.6375 50.1150
200.2077 140.3059
183.3374 279.6033
124.8601 222.4041
88.1459 163.9723
329.0059 272.6504
134.2721 102.9436
223.1075 175.7560
365.3919 109.5499
340.6983 86.7776
296.5025 320.1921
69.8974 164.2191
263.0691 152.4445
39.7521 283.9940
180.0526 68.2635
18.9835 192.6519
108.1537 300.9187
58.2912 6.0641
335.8391 154.5583
315.8542 211.0090
325.9292 347.1868
31.2058 103.2464
67.7669 353.9496
257.0505 342.4998
364.5456 292.9596
323.4391 348.0955
225.4632 303.2805
360.5630 174.4448
80.1884 246.1971
20.5063 114.4826
139.3981 297.8143
8.8654 119.0403
113.4649 245.1434
323.8679 177.7755
312.2663 156.2005
185.8873 118.8061
72.5660 329.4864
222.8723 99.2420
199.3297 149.7946
13.6324 257.8002
321.1289 225.2318
54.6491 155.2118
75.3354 63.0213
108.8810 331.5058
311.9143 293.6445
343.3857 39.9074
81.0254 16.0529
1.5354 237.2466
151.1535 209.2508
321.4493 106.0489
90.5028 303.8844
9.1870 342.6122
128.3907 12.3662
80.2416 29.9271
312.5686 20.5491
19.7692 227.5398
77.6898 123.7885
290.9382 157.4014
269.8708 104.2765
48.5009 25.1702
310.2165 45.1764
29.0590 58.1111
192.9644 254.6974
182.8155 229.7051
183.9637 275.4165
223.3079 65.0913
124.3133 367.5181
166.0055 250.6645
63.7991 250.0518
258.2593 59.2695
348.3061 145.8918
128.0687 250.8360
340.4820 310.1464
207.9545 20.1047
179.7712 229.6854
309.5483 74.8015
172.3135 237.2178
254.6367 17.1494
324.0886 42.0495
316.0213 319.5907
226.6786 200.1923
129.3549 143.8050
340.9784 243.3796
171.9881 132.7318
368.1969 346.2379
341.8948 342.4912
131.9981 308.5402
254.6978 337.7855
272.1594 308.2316
296.0801 214.0856
257.7225 27.9766
142.3168 297.7406
34.3871 122.1331
231.7280 166.5526
26.7662 63.2902
246.4396 202.7781
217.7395 335.5156
345.1853 108.7625
327.4273 193.6368
237.8814 37.3984
148.5626 351.0335
347.5092 153.6591
91.0885 355.1782
185.5669 350.6247
13.0499 219.8461
104.3042 1.4473
180.6887 350.8651
169.7270 79.0104
258.6468 324.0186
281.1057 92.5522
287.9484 287.7518
170.3211 279.3247
13.5297 76.0450
143.3623 343.0330
257.4604 247.3793
304.5716 267.2437
23.1929 330.1116
282.1007 79.7567
220.0779 167.1945
10.7431 296.7857
127.3490 232.2058
303.6557 344.3333
194.8250 165.9218
3.6068 41.8280
268.7173 67.7033
195.0190 61.5443
293.6286 77.8052
285.1853 164.4790
277.2042 132.8456
357.0326 185.9949
150.2752 153.4981
112.5579 248.6501
64.3051 57.0128
356.5685 77.6604
299.8956 30.7001
219.9580 39.0258
133.3690 123.7094
226.7842 1.4923
102.4314 281.7159
280.7727 292.1810
213.4405 279.0741
160.8795 116.6686
300.3394 146.8685
49.0323 353.4302
47.5712 283.7371
77.2390 317.6106
230.9302 349.2322
223.2921 311.5965
183.4445 329.3739
151.2607 343.4859
239.1462 340.5602
15.8684 135.0281
333.6268 99.0949
201.1236 155.2174
3.6992 15.2892
181.3937 139.9850
328.4444 121.0739
58.3792 44.3080
152.1427 364.3773
332.0590 198.0397
192.2133 229.7848
274.9612 20.7449
347.1138 323.7791
172.7671 124.9064
196.2636 186.4263
117.5159 46.1749
268.4183 329.2985
240.5008 107.4213
161.6015 69.4757
346.7138 92.7262
130.5129 239.7333
272.5810 166.9402
50.9121 151.6794
302.1215 103.4865
151.1493 101.1523
136.6892 124.1592
177.0107 306.7733
302.0983 63.8724
87.6981 127.2448
251.7461 272.1899
272.1965 79.9722
82.5371 365.3952
217.5755 281.8848
75.5128 229.0062
108.7529 179.5156
164.1696 317.9219
133.1345 273.3699
114.1072 223.9912
316.8102 86.3300
154.6033 361.4730
306.0128 326.8579
222.4355 138.2742
52.5889 320.1961
42.4785 345.3376
343.8093 351.3013
288.4239 244.8246
143.7181 307.7912
214.9145 189.4118
49.9880 44.0496
249.5490 51.3688
259.8061 160.9376
47.5338 207.6601
292.5288 366.2450
91.7506 144.8760
179.2643 180.1806
87.2370 122.0278
33.0355 211.7272
368.6978 45.9801
266.5135 195.1975
121.2967 123.1534
364.9156 40.1434
217.7960 198.7178
349.1570 75.2656
10.9618 327.9057
120.2601 151.4609
44.3486 83.6876
83.6081 252.2137
49.8485 70.5880
148.6392 148.4885
18.0725 369.3937
311.5123 288.0938
259.7513 146.6406
247.1228 310.7959
265.8680 326.8494
287.8589 270.8004
337.2272 294.0030
122.9265 186.9306
34.8065 155.0570
236.8050 80.1462
213.4190 123.3091
85.8988 133.1257
219.8777 171.8357
164.7004 286.8359
237.6622 216.4522
42.3997 7.3377
137.9199 44.8290
241.7225 316.6652
272.8271 164.2981
309.5712 264.5432
192.8697 223.9351
67.2230 7.4044
340.1831 357.7235
188.3121 214.3090
292.1586 36.7429
266.7645 294.1326
87.9336 208.7343
297.6038 350.6202
152.7912 56.4053
269.3462 227.2301
182.3341 144.7614
10.3702 340.5721
141.2662 16.6658
38.2661 218.3047
13.1580 282.6973
274.7337 1.7983
238.3858 113.3631
107.5901 316.8076
26.4522 154.2948
353.2681 32.0499
224.7451 95.4041
84.9871 124.8328
263.6659 154.9489
264.4785 340.0905
337.7503 198.2584
94.8292 233.7079
34.1849 126.6519
112.1068 352.6948
207.2621 145.0545
104.5372 195.8301
196.3412 317.8227
184.5884 360.7584
18.9489 224.7197
156.9977 112.4893
180.3678 368.9985
147.2078 347.8541
196.9071 145.0424
26.7618 32.8329
320.0506 49.3825
106.8470 136.8294
26.0532 75.7385
83.2331 158.0234
50.7240 225.6650
173.0071 256.2466
74.4899 89.5913
169.2763 147.7227
120.2080 51.5838
184.3505 137.7109
140.2521 294.3342
19.5699 70.7831
353.9392 128.3201
23.1221 85.1326
27.5965 361.1341
113.4172 61.5204
37.5558 304.3755
206.9126 333.1555
143.7232 156.1768
193.5024 232.8019
191.3901 92.7407
206.1552 349.8266
206.5252 161.8827
26.8223 364.3479
7.9003 2.6412
123.7387 341.3115
127.6690 337.3611
321.1055 129.3970
207.5945 139.2170
321.9188 255.4182
254.3511 225.4561
231.2451 260.2907
322.4599 108.8214
61.0964 123.2217
290.0059 316.8871
150.7059 204.5219
295.3911 283.4439
286.7232 194.2572
244.0939 48.8428
194.2603 5.7524
168.6192 38.8746
326.2228 310.0451
219.6879 342.6966
47.4513 257.0112
153.5850 262.4369
284.9683 345.2552
351.2889 200.3808
338.7325 157.4347
267.4761 196.0407
319.1456 57.2691
280.8396 314.2016
266.7072 60.4777
237.8920 306.3779
