[[  66.69978488    7.20583935]
 [ 171.3908548   268.2255538 ]
 [ 155.4753337   179.60802632]
 [   4.7289014   180.32749471]
 [ 348.46846137  314.79418307]
 [ 270.08685398   40.23234659]
 [ 330.74454301  317.14707142]
 [  61.08204851  233.96358511]
 [   7.57893673   43.19278945]
 [ 117.0559053    58.42755347]
 [ 280.82244762  302.76188241]
 [ 127.51106165  117.95555484]
 [  41.31465584   31.06266303]
 [ 263.7085962   221.83105662]
 [  20.59926145  177.52499421]
 [ 148.62029783  313.75222909]
 [ 265.60419636  222.76369896]
 [ 204.38201396  351.16788717]
 [ 365.06913223  125.07999837]
 [  88.75363125  294.68122898]
 [  23.56397939  134.90778791]
 [  25.90843697  118.16605161]
 [  26.04156019  107.39755684]
 [ 292.33741567  334.9981187 ]
 [ 293.26991248  207.87292275]
 [ 227.92680248  133.74891062]
 [  62.46240048  161.40914546]
 [ 271.14537445   23.26842083]
 [   7.67120219  285.10278457]
 [ 110.98224349  259.43078177]
 [ 271.82705673  345.17471206]
 [ 148.12152018  132.62203349]
 [ 298.42971264  282.86170572]
 [ 241.46745377  300.05763236]
 [ 237.61949773  354.25429955]
 [ 123.53353594  273.15347045]
 [ 351.43832312  123.71473704]
 [ 226.30383879  135.297962  ]
 [ 170.76990781   27.75073745]
 [   7.15704405  281.07030299]
 [ 167.52089086  230.44858283]
 [ 273.78206159  154.90546917]
 [ 136.01852128   62.54065992]
 [ 293.73279045  308.22384118]
 [ 271.6588053   323.85899461]
 [ 239.78088353  257.54448467]
 [  71.4166897   284.02392693]
 [ 123.61067089  162.04490624]
 [ 117.98198871  210.2671775 ]
 [ 243.71617003  212.95666019]
 [ 117.72926178   80.66124885]
 [ 312.62725642  111.80093448]
 [ 162.14164822   33.82339716]
 [ 111.36229284   31.70707822]
 [ 127.17392358  262.44137658]
 [ 360.36825463  231.33319083]
 [  99.64230987  242.98225829]
 [ 231.9891931   305.49132476]
 [ 197.4667733   337.11501598]
 [ 153.73635761  105.83652771]
 [ 192.03286439  341.30658816]
 [ 267.84716717  182.74781042]
 [ 184.07365052  240.02721337]
 [ 165.67532934  203.73660425]
 [ 359.33482534  344.99307601]
 [ 311.05360924   47.00785661]
 [ 205.91280917  135.57806809]
 [ 337.36432918  116.06128665]
 [ 344.38339131   88.18805746]
 [ 155.54458669  355.18617952]
 [ 220.33007547  344.89499002]
 [ 199.374608     84.37364049]
 [ 263.79628049  192.98219182]
 [ 187.02507239   50.4992699 ]
 [  53.6202009   343.95389231]
 [ 353.7415577   357.39443178]
 [ 132.38201928   16.97197592]
 [ 204.95309094  272.43450456]
 [ 239.77719507   19.58515417]
 [  86.16664807  261.17717569]
 [  20.38138788  313.20388154]
 [ 365.96002978   91.68586772]
 [  20.02266266  362.48652408]
 [ 283.87002531  168.05318605]
 [ 176.95495689  338.73611152]
 [ 131.65712955   19.67653665]
 [ 227.16902181  115.64156093]
 [ 252.17684591  350.74151101]
 [ 133.41455501   91.38931651]
 [  19.5921912   307.71417763]
 [  29.00052885  352.30492771]
 [ 261.2746223   337.2671533 ]
 [ 301.34312224   70.56699676]
 [  65.08428824  355.71347555]
 [ 107.68405105  292.52700461]
 [  63.1923547   110.66338521]
 [ 249.19135318   91.91528243]
 [ 278.19085259  325.32474333]
 [ 118.53780638  110.52191426]
 [  10.26108448  156.38419062]
 [  24.2152356   212.62269921]
 [ 254.53641134  210.27315744]
 [ 223.37882254  221.87053857]
 [ 333.97954874  196.48088019]
 [ 318.71529434  130.22948974]
 [  52.03157754   82.09452368]
 [ 293.51436303   84.98297782]
 [ 285.83896654  334.04962804]
 [ 201.42326077   52.99238456]
 [ 230.69374328  140.4139597 ]
 [ 336.12573886   82.74623777]
 [  86.68674942  178.47360537]
 [ 182.61511407   69.4733143 ]
 [ 138.5041603   247.22327824]
 [ 174.09241821   22.09629926]
 [ 153.66378078  153.84953567]
 [ 165.61376754    8.82072748]
 [ 101.37718497  351.65216827]
 [ 326.71250427  348.06232718]
 [ 280.78933834  160.57706316]
 [ 346.87654822  111.24459749]
 [ 219.48986805  217.3506628 ]
 [ 163.07897394   92.63623927]
 [ 122.27838028  237.88013058]
 [ 105.08798718  128.09241416]
 [ 131.01797398  120.17817204]
 [ 306.5561641   201.94057397]
 [   6.79686094  274.3840933 ]
 [ 185.80281972  288.19049569]
 [ 182.98854513  115.0099686 ]
 [ 310.53671192   64.13765839]
 [ 102.96233081  179.13471655]
 [ 318.15233881   42.62844809]
 [ 125.31473404  196.92886627]
 [ 250.9893368    38.92180562]
 [ 279.45494411  206.06080535]
 [ 191.34342773  140.92207082]
 [ 116.41943445  329.48670969]
 [ 367.69729367   64.82949996]
 [  78.25543591  246.80261484]
 [ 282.88827243  304.49734819]
 [ 111.90484914   77.36711309]
 [  26.85062034  139.24293876]
 [ 208.11935224  322.84399914]
 [  12.22643431   33.17246618]
 [ 241.6636962   248.38879177]
 [  45.92865203   35.65531033]
 [  10.35123581  240.03160756]
 [ 103.54700915   89.16739219]
 [ 245.88312733   44.7701727 ]
 [ 198.47290451   33.64219142]
 [  24.32728125  247.35727401]
 [ 292.89735714  171.09827418]
 [ 148.79404155  259.57305546]
 [  28.13530983  102.96466382]
 [ 334.94894123  351.11364856]
 [  14.20655413    1.13372533]
 [ 284.11712524  167.19496219]
 [ 282.09926878  237.90373205]
 [ 165.74756438  262.69295725]
 [ 223.67507853    5.81494149]
 [ 172.46459133  326.3417203 ]
 [ 288.70524435  242.32340463]
 [ 229.98412767  302.14657279]
 [ 107.79671003  145.81890247]
 [ 233.34281833  303.75363938]
 [ 118.91381057   62.336902  ]
 [ 100.73482335  162.42125086]
 [  36.43130181  232.48413876]
 [ 331.69761015  126.61319051]
 [ 353.86020841  155.26239964]
 [ 198.22520373  361.39042709]
 [ 262.71239253  187.03843187]
 [ 279.18646615  175.1237112 ]
 [ 266.98237314   82.26915877]
 [  28.45135329  221.68817363]
 [ 193.76309457  170.45387014]
 [  43.46664875  345.78126633]
 [  41.343224    357.96203347]
 [ 117.70406972  104.27708421]
 [ 347.79601201  355.41965758]
 [ 259.2447194   353.43696515]
 [  64.74188668  316.95741444]
 [ 228.7335363   109.35692207]
 [ 220.68006603   40.43783364]
 [ 293.0362263   237.49460998]
 [  39.60508352   81.27375012]
 [ 107.94429794  175.27471723]
 [  85.33167602  110.09709596]
 [ 204.04863849   54.38468267]
 [ 278.7281567   166.71029296]
 [ 150.62758301  212.18752013]
 [  58.34321619  329.8646809 ]
 [  42.6089581   202.43388087]
 [ 357.02972854   51.50076097]
 [ 258.55981515  360.82237548]
 [ 368.45646876  128.66276831]
 [ 231.53243537  348.67910605]
 [ 231.07902212  322.9433059 ]
 [ 258.10294458   13.65324361]
 [ 127.84528648  330.7160831 ]
 [ 173.45620744  160.56887355]
 [ 112.82045997   59.10250024]
 [ 247.48310997  146.27615784]
 [ 326.37916977   15.9803591 ]
 [ 323.50925226   34.17664969]
 [ 304.70170601  169.46927414]
 [ 273.8647277   166.82849747]
 [  58.65824177  350.8301747 ]
 [ 237.71686375   79.48227661]
 [ 220.71027315   77.56292096]
 [ 148.71666449  220.23324407]
 [ 225.79916908   39.93693018]
 [  71.24975689  169.55174477]
 [ 190.97827739  317.18038246]
 [ 213.39083075  300.26182111]
 [ 136.79166494   69.45850685]
 [ 103.48585385    9.24058052]
 [ 134.72848431  235.13514006]
 [ 311.52970859   86.87353825]
 [ 261.1336829   278.4026318 ]
 [ 255.75102175  356.4500916 ]
 [ 214.55662581  164.11573889]
 [ 198.61554583    1.76187974]
 [   2.48741642  182.63227936]
 [ 139.33941042   49.94300886]
 [ 131.08634608  237.33822372]
 [ 193.4305514   146.67050004]
 [ 284.91638209   19.7409748 ]
 [ 327.87193897  251.27897485]
 [ 155.21020215  255.94071287]
 [ 347.51987905  242.29035769]
 [ 247.28714989  259.77594894]
 [ 338.8023091   329.05053168]
 [ 103.36427996    8.29852519]
 [ 102.79161034  134.68987348]
 [  91.55814633  169.20223781]
 [ 347.05544811   70.06094451]
 [ 141.15490925  308.22543036]
 [  48.49313309  130.37977779]
 [ 203.83031566  284.66429421]
 [ 318.88169559   94.71264351]
 [ 352.36959217  160.89533863]
 [  48.45915275   58.82211476]
 [ 161.82598458  300.37927781]
 [  25.52418158   80.47697436]
 [ 296.64355813  304.64516356]
 [  74.00931382   20.80439842]
 [ 241.99229772  293.75866024]
 [  18.414309    193.36553115]
 [  52.47596987  222.31937639]
 [  41.60338209   48.76040449]
 [ 200.00362008  350.38831264]
 [  10.5840011    36.77813668]
 [  74.72500181  301.43643596]
 [  88.90565223  100.64814596]
 [ 158.86614089  317.01881343]
 [ 103.69913097  174.53648251]
 [ 175.73712332  184.84709065]
 [ 164.96705589  297.88354843]
 [  73.96153766  186.62602904]
 [  48.4795307   322.3965351 ]
 [ 157.23476291  369.27360727]
 [ 245.41355814   75.50846364]
 [ 342.19193077  108.63022716]
 [ 236.2081555   283.11994514]
 [  38.21865523   68.12760923]
 [ 157.87110249  132.67230398]
 [ 116.87702226   99.97577598]
 [ 133.40870583  363.18293076]
 [ 169.62723928  169.41367073]
 [  92.68719015   70.1812824 ]
 [  95.25121209  327.68982976]
 [ 327.90932194   63.17685628]
 [ 146.7494425   214.7611904 ]
 [ 204.79075128   74.52329803]
 [  22.83979486  294.75424104]
 [  48.03803008  147.07721422]
 [ 282.04674921  253.5615487 ]
 [ 151.08889553  295.74286998]
 [ 367.5044183   177.58299212]
 [ 327.43775203  192.72965626]
 [ 143.66027278  366.12454641]
 [ 285.63753177   50.1149738 ]
 [ 200.20765813  140.30589568]
 [ 183.33737729  279.6033059 ]
 [ 124.86014145  222.40411976]
 [  88.14589077  163.97228212]
 [ 329.00590207  272.65039332]
 [ 134.27213718  102.94358234]
 [ 223.10751341  175.75603095]
 [ 365.39187458  109.5499092 ]
 [ 340.69832775   86.77757566]
 [ 296.50249988  320.19212699]
 [  69.89743543  164.21914546]
 [ 263.06912266  152.44446493]
 [  39.75214247  283.99402801]
 [ 180.05256364   68.26353426]
 [  18.98350592  192.65192482]
 [ 108.15369476  300.91874899]
 [  58.29123419    6.06414356]
 [ 335.83914862  154.55826241]
 [ 315.85417706  211.00903854]
 [ 325.92919454  347.18675231]
 [  31.20575934  103.24641512]
 [  67.76691073  353.94961959]
 [ 257.05047852  342.49977544]
 [ 364.54555602  292.95959113]
 [ 323.43909941  348.09546807]
 [ 225.46319527  303.28046566]
 [ 360.56296706  174.44481758]
 [  80.18835958  246.19706137]
 [  20.50625513  114.48256531]
 [ 139.39805203  297.81432857]
 [   8.8653662   119.04034586]
 [ 113.46491266  245.14340402]
 [ 323.86793227  177.77548371]
 [ 312.26630329  156.20050995]
 [ 185.88734029  118.8060851 ]
 [  72.56601064  329.48640496]
 [ 222.87234799   99.24195982]
 [ 199.32970621  149.79457916]
 [  13.63240993  257.80016677]
 [ 321.12891777  225.23180942]
 [  54.64912227  155.21177426]
 [  75.33537121   63.02129966]
 [ 108.88098559  331.50576734]
 [ 311.91431518  293.64450619]
 [ 343.38570981   39.9073527 ]
 [  81.0254253    16.05294343]
 [   1.53542639  237.24658745]
 [ 151.15354233  209.25083891]
 [ 321.44926254  106.04892059]
 [  90.50279768  303.88444289]
 [   9.18696147  342.61218777]
 [ 128.39070387   12.36621905]
 [  80.24157024   29.92713913]
 [ 312.56855358   20.54906076]
 [  19.76920218  227.53977426]
 [  77.68978596  123.78847553]
 [ 290.93815672  157.40135044]
 [ 269.87080178  104.27645759]
 [  48.5009294    25.17017866]
 [ 310.21650793   45.17642577]
 [  29.0589814    58.1110849 ]
 [ 192.96436035  254.69743699]
 [ 182.81545435  229.70510701]
 [ 183.96370677  275.41654063]
 [ 223.30794192   65.09134155]
 [ 124.31334662  367.51806143]
 [ 166.00546606  250.66449255]
 [  63.79911701  250.05182033]
 [ 258.25927647   59.26952485]
 [ 348.30607229  145.89181423]
 [ 128.06873273  250.83602958]
 [ 340.4819826   310.14641838]
 [ 207.95445009   20.10473552]
 [ 179.77118089  229.68536481]
 [ 309.54833363   74.80152245]
 [ 172.31352006  237.2177758 ]
 [ 254.63670536   17.14937745]
 [ 324.08856511   42.04952992]
 [ 316.02128586  319.59068309]
 [ 226.67863788  200.19227704]
 [ 129.3548628   143.80498908]
 [ 340.97837785  243.37955866]
 [ 171.98808758  132.73181131]
 [ 368.1968663   346.23786155]
 [ 341.89477889  342.49116902]
 [ 131.99810215  308.54016348]
 [ 254.69780227  337.78550872]
 [ 272.1593634   308.23160271]
 [ 296.08012547  214.08559088]
 [ 257.72247529   27.97657745]
 [ 142.31675146  297.74064685]
 [  34.38708244  122.13308722]
 [ 231.7279832   166.55264861]
 [  26.76622966   63.29021818]
 [ 246.43963103  202.77812822]
 [ 217.73953763  335.51556289]
 [ 345.18533865  108.76248342]
 [ 327.42732884  193.63679955]
 [ 237.88138063   37.39842296]
 [ 148.56257042  351.03353753]
 [ 347.50919797  153.65912456]
 [  91.08848054  355.17820002]
 [ 185.56687798  350.62466552]
 [  13.04993924  219.84614158]
 [ 104.30421941    1.44733309]
 [ 180.68870487  350.86514707]
 [ 169.72703782   79.01038928]
 [ 258.64675487  324.01855288]
 [ 281.10568394   92.55223656]
 [ 287.94839623  287.75176966]
 [ 170.32105718  279.3247109 ]
 [  13.5296931    76.04500294]
 [ 143.3623478   343.03303949]
 [ 257.46038254  247.37926193]
 [ 304.57161223  267.24374935]
 [  23.19286292  330.11160475]
 [ 282.10072481   79.75672682]
 [ 220.07792365  167.19446558]
 [  10.74305851  296.78569877]
 [ 127.34904836  232.20577261]
 [ 303.65571892  344.33326935]
 [ 194.82497149  165.92176418]
 [   3.60679263   41.82803103]
 [ 268.71726188   67.70334997]
 [ 195.01903768   61.54434697]
 [ 293.62856672   77.80523178]
 [ 285.18534801  164.47895198]
 [ 277.20422473  132.84556336]
 [ 357.03264701  185.99493339]
 [ 150.27524691  153.49809229]
 [ 112.55788191  248.65007305]
 [  64.30507605   57.01283508]
 [ 356.5685009    77.66040261]
 [ 299.89558796   30.70009496]
 [ 219.95795916   39.02575681]
 [ 133.36898275  123.70937125]
 [ 226.784217      1.4922981 ]
 [ 102.43139153  281.71592743]
 [ 280.77269787  292.18100681]
 [ 213.44052955  279.07407995]
 [ 160.87953609  116.66863364]
 [ 300.33938737  146.86850199]
 [  49.03226017  353.43021457]
 [  47.57124898  283.73709248]
 [  77.23898028  317.61064506]
 [ 230.9302179   349.2322155 ]
 [ 223.29212409  311.59651731]
 [ 183.44446952  329.37393238]
 [ 151.26067159  343.48590732]
 [ 239.14620948  340.56024871]
 [  15.86836272  135.02810707]
 [ 333.62679955   99.09489025]
 [ 201.12359642  155.21738811]
 [   3.69917571   15.28917324]
 [ 181.39367105  139.98502911]
 [ 328.44444009  121.07392007]
 [  58.3792117    44.30799947]
 [ 152.14266615  364.3772748 ]]